90,56,30,2,2160
295,21,29,6,1080
532,61,21,9,240
619,24,11,2,240
619,24,37,10,2160
780,21,49,10,480
900,11,30,8,1080
985,2,7,4,480
1091,32,28,10,2160
1193,48,7,8,2160
1308,14,13,8,720
1387,9,41,4,2160
1525,7,3,7,1080
1750,65,18,6,2160
2278,41,0,5,2160
2281,64,49,10,2160
2318,1,31,9,720
2322,10,50,6,2160
2332,37,14,7,1080
2449,1,28,8,240
2554,0,14,6,240
2743,55,35,7,2160
2763,15,26,2,240
2858,30,43,9,1080
2953,45,0,10,1080
3140,8,9,7,720
3399,60,16,3,2160
3488,3,28,3,1080
3536,33,35,7,2160
3537,65,7,10,720
3543,23,32,8,720
3714,24,4,1,480
3725,45,0,2,2160
3855,9,20,6,1080
3888,2,45,1,480
3979,60,20,8,480
3993,10,34,3,720
4024,61,45,3,2160
4203,59,24,8,2160
4217,37,35,4,2160
4399,48,0,8,1080
4439,12,25,2,1080
4461,11,38,7,240
4591,7,26,7,240
4692,56,23,6,2160
4715,13,2,9,2160
4867,28,50,6,2160
4931,47,37,3,2160
4973,70,15,4,2160
5038,30,24,3,2160
5136,56,48,1,480
5260,28,36,5,240
5272,67,42,8,2160
5317,24,11,3,480
5394,18,2,4,2160
5506,66,32,1,1080
5634,62,33,9,720
5787,9,27,1,480
5790,34,46,4,2160
5942,62,16,7,2160
6011,16,20,9,1080
6109,12,49,4,2160
6256,41,43,1,480
6273,24,4,5,480
6332,63,29,10,1080
6402,14,41,4,2160
6409,66,2,1,2160
6682,20,26,2,2160
6710,28,14,10,720
6779,52,39,5,1080
6904,32,1,3,240
6911,62,34,7,1080
6976,30,26,3,480
7005,23,13,6,480
7018,19,20,4,240
7111,51,32,1,2160
7243,44,22,1,240
7265,70,19,5,480
7353,61,48,4,2160
7402,63,19,9,2160
7470,38,50,1,2160
7487,55,50,6,2160
7649,48,41,3,2160
7700,50,36,1,2160
7731,3,8,6,240
7751,56,14,9,480
7859,45,11,3,480
7956,30,49,2,2160
7965,33,9,1,240
8064,60,25,1,480
8077,54,48,8,240
8150,46,28,3,480
8192,10,8,10,480
8279,67,48,2,240
8384,44,26,9,480
8471,40,41,1,720
8557,12,30,3,480
8690,39,50,4,720
8700,51,10,6,480
8797,59,0,5,480
8890,8,41,4,2160
8911,10,49,3,720
9113,20,23,6,2160
9157,41,11,5,2160
9200,15,7,2,2160
9289,47,37,5,2160
9331,49,25,4,2160
9398,61,22,9,2160
9503,28,7,2,240
9530,47,27,10,240
9731,10,24,8,1080
9822,9,10,9,2160
9849,51,39,1,240
9856,41,14,4,2160
9945,14,9,3,240
10025,42,1,1,2160
10194,62,5,7,480
10411,2,30,9,240
10474,47,0,1,2160
10502,46,28,8,2160
10640,39,46,1,480
10664,8,42,7,2160
10749,8,17,6,480
10775,8,29,5,2160
10944,41,47,7,240
11049,62,21,7,480
11050,50,26,5,1080
11136,26,11,8,480
11148,64,14,2,480
11235,17,2,6,2160
11256,9,42,5,2160
11420,53,14,4,480
11438,36,24,4,720
11527,61,27,9,720
11547,45,6,2,1080
11577,21,5,7,2160
11663,66,20,7,480
11811,50,2,3,240
11818,52,30,1,240
11980,10,21,10,2160
12017,63,45,5,1080
12157,64,7,7,2160
12207,23,47,9,2160
12316,17,4,4,720
12370,28,36,9,2160
12434,3,44,3,480
12455,47,21,1,2160
12528,33,10,10,240
12715,48,31,2,720
12762,17,31,6,2160
13205,18,17,1,2160
13274,15,19,6,480
13341,57,48,8,1080
13430,30,5,8,2160
13474,49,2,1,2160
13493,6,22,3,480
13569,33,24,2,720
13575,66,8,10,2160
13611,25,29,4,1080
13640,26,37,8,2160
13669,27,27,7,720
13852,41,45,2,720
13897,15,26,6,480
14259,8,25,6,480
14322,8,21,7,2160
14330,9,34,1,2160
14350,44,41,7,240
14371,66,35,10,720
14405,58,44,1,1080
14427,9,30,3,240
14575,16,6,3,720
14582,29,19,8,1080
14616,61,44,10,720
14780,30,6,3,2160
14973,27,13,7,1080
14982,52,13,9,2160
15169,19,38,2,480
15203,48,41,10,480
15289,56,2,9,240
15366,18,8,4,2160
15448,12,30,4,2160
15468,57,12,10,2160
15661,53,50,2,2160
15729,43,20,9,480
15796,41,36,6,1080
15892,10,3,3,720
15904,60,17,5,2160
15962,27,8,2,240
15994,6,13,2,480
15997,16,14,8,1080
16033,43,37,4,2160
16122,1,17,2,2160
16178,68,6,1,2160
16539,37,6,5,2160
16618,7,34,3,240
16706,31,4,5,240
16764,67,44,8,2160
16811,6,9,10,720
16870,64,5,2,1080
16886,52,6,5,720
16892,22,9,3,2160
16980,13,38,2,1080
16998,30,12,3,480
17019,5,12,9,2160
17020,70,8,6,240
17146,64,42,8,2160
17276,55,21,4,2160
17291,19,9,8,240
17297,57,28,8,720
17304,53,13,6,480
17326,20,22,8,240
17551,17,28,3,240
17698,50,11,7,240
17773,8,18,1,720
17825,30,27,10,720
17830,45,8,4,2160
17892,0,38,7,1080
17938,34,0,4,1080
18079,35,46,9,480
18116,27,23,5,720
18326,0,43,10,2160
18474,11,18,4,240
18551,61,29,9,480
18729,60,12,8,1080
18798,29,4,1,1080
19113,5,0,7,2160
19123,54,36,3,480
19134,30,44,6,2160
19157,36,26,3,720
19161,1,11,2,480
19507,9,43,4,720
19538,8,38,5,1080
19547,10,50,1,240
19571,34,49,7,2160
19618,69,14,7,720
19666,59,0,9,720
19675,34,1,4,240
19723,58,38,10,240
19756,62,28,2,2160
19787,12,19,5,240
19890,22,39,6,480
19945,22,8,1,480
20053,15,26,1,2160
20090,29,37,9,1080
20104,29,50,6,2160
20215,21,41,1,720
20230,25,24,4,2160
20323,20,38,7,2160
20368,24,19,5,2160
20373,52,18,6,1080
20405,58,28,2,2160
20449,23,9,4,2160
20517,48,4,8,240
20548,11,10,5,2160
20558,60,40,8,480
20619,24,14,5,480
20638,48,47,5,240
20658,43,16,10,240
20684,62,35,8,480
20731,57,49,8,720
21022,61,2,8,2160
21028,46,39,8,2160
21243,69,6,2,240
21433,36,39,5,480
21661,42,9,4,1080
21678,14,26,10,480
21733,54,49,1,720
21810,23,35,7,240
21822,17,8,8,2160
21939,22,22,9,1080
22020,52,6,8,1080
22074,15,9,4,2160
22103,67,16,1,2160
22239,62,16,8,240
22245,44,28,5,480
22257,52,17,4,2160
22312,62,47,1,2160
22434,11,28,2,2160
22510,21,17,3,2160
22553,18,13,8,2160
22594,58,44,8,2160
22698,15,27,4,720
22735,12,13,2,240
22825,14,50,3,480
22894,27,25,8,720
23152,44,6,7,1080
23165,9,34,9,1080
23228,37,15,4,2160
23347,29,25,5,1080
23492,32,30,7,240
23592,70,36,5,720
23729,66,23,2,2160
23826,29,45,4,2160
23838,19,40,2,720
23848,46,20,8,2160
23990,4,39,10,1080
24000,44,3,9,2160
24229,45,23,7,2160
24295,63,26,3,1080
24415,9,31,4,2160
24416,10,24,6,720
24435,59,37,9,720
24439,40,41,9,2160
24507,57,28,2,1080
24550,18,12,1,2160
24798,31,12,7,2160
24831,59,9,7,480
24975,34,44,1,1080
25008,30,40,10,720
25248,40,47,2,480
25255,58,7,1,240
25318,24,44,1,2160
25327,68,36,8,2160
25443,57,12,5,480
25477,12,13,7,720
25479,13,30,4,2160
25489,7,18,9,2160
25567,67,23,3,480
25591,14,45,9,720
25672,24,45,8,1080
25686,32,37,1,240
25800,19,28,7,1080
25819,5,14,9,240
25890,69,17,4,480
25893,65,30,6,2160
25943,46,8,9,720
25975,43,6,7,720
26037,15,5,7,2160
26125,54,9,6,2160
26233,64,33,8,2160
26344,69,22,10,240
26479,37,49,8,1080
26569,48,27,6,480
26617,26,7,5,720
26707,50,32,9,480
26744,67,10,7,240
26812,52,26,6,2160
27005,29,7,5,240
27193,24,10,3,1080
27208,24,42,3,1080
27240,49,21,7,720
27247,47,26,8,240
27389,19,4,10,1080
27393,20,25,1,2160
27419,54,23,4,240
27538,18,5,2,240
27546,52,16,5,2160
27705,4,26,5,480
27810,4,25,6,720
27895,47,3,2,480
27983,69,14,4,2160
28082,46,6,7,240
28153,9,41,1,1080
28223,18,11,2,480
28226,68,10,8,480
28245,46,27,1,1080
28307,61,4,6,1080
28360,31,32,9,480
28396,29,35,2,480
28438,19,1,8,240
28480,36,43,3,1080
28494,18,13,3,2160
28517,34,43,5,720
28524,16,11,2,720
28535,16,23,4,2160
28601,7,39,5,240
28666,8,23,9,480
28736,4,9,7,2160
28956,1,23,9,1080
28976,7,17,6,2160
28986,9,15,7,1080
29000,23,44,4,480
29036,55,12,9,2160
29218,13,13,6,240
29284,38,17,5,240
29352,42,14,1,2160
29406,25,13,8,1080
29451,54,37,1,720
29462,62,27,7,240
29488,64,18,10,240
29510,41,41,6,2160
29515,4,4,6,2160
29678,1,5,3,2160
29710,8,39,3,240
29725,50,19,4,480
29952,4,42,5,480
30060,6,43,9,2160
30115,53,43,6,2160
30116,2,42,6,2160
30250,41,37,7,2160
30333,25,18,6,240
30386,16,28,1,2160
30389,36,35,2,2160
30452,24,31,7,1080
30493,53,17,6,2160
30512,60,0,3,2160
30752,5,44,9,240
30820,70,41,7,240
30833,19,26,4,2160
30897,26,47,6,2160
30941,41,42,2,2160
31026,34,49,8,2160
31071,41,26,8,2160
31102,56,35,6,2160
31152,56,43,10,2160
31207,62,10,7,480
31374,58,31,9,2160
31405,70,28,2,2160
31497,19,23,3,720
31522,48,8,2,240
31573,48,49,6,720
31640,8,31,4,720
31686,66,20,5,2160
31720,20,31,3,2160
31910,56,13,3,720
31950,48,11,5,2160
31982,28,29,9,720
32127,46,20,2,480
32180,70,5,8,2160
32262,11,19,8,1080
32288,41,14,4,720
32288,46,24,3,480
32317,0,48,7,480
32335,39,26,1,2160
32474,16,34,2,2160
32505,27,18,7,2160
32573,18,21,6,240
32684,49,19,8,480
32707,29,10,9,2160
32728,67,37,7,2160
32766,20,0,2,2160
32902,5,45,7,480
32904,54,46,1,2160
32959,64,21,3,2160
33025,47,30,2,720
33071,52,8,9,1080
33079,69,15,5,480
33312,66,34,1,2160
33321,58,44,7,720
33425,45,9,6,2160
33517,40,49,5,480
33575,21,10,3,1080
33609,11,37,4,480
33682,1,42,8,2160
33708,53,1,3,2160
33715,26,17,10,1080
33788,69,9,7,2160
33790,68,40,9,480
33793,44,21,1,480
33798,49,4,8,2160
33799,39,19,5,2160
33833,48,16,2,480
33853,54,26,1,480
33868,27,20,10,2160
33879,53,31,9,240
34227,3,43,10,240
34259,58,13,1,1080
34339,12,1,8,2160
34491,43,2,7,240
34534,57,20,2,480
34580,61,14,4,720
34652,70,36,5,480
34656,61,43,4,240
34721,60,22,2,1080
34747,65,11,5,480
34753,49,38,2,2160
34800,40,47,7,2160
34811,48,2,10,720
34949,64,38,9,1080
34982,52,18,1,1080
35176,0,29,6,1080
35215,27,23,5,2160
35309,70,40,1,480
35380,35,14,1,2160
35389,31,10,8,720
35482,46,49,6,480
35534,12,10,1,2160
35600,63,31,8,2160
35651,48,1,2,240
35686,20,5,9,480
35720,1,47,6,480
35727,52,22,4,2160
35755,69,3,1,240
35869,17,0,5,2160
35903,33,11,1,1080
35919,11,19,5,2160
35952,18,47,6,480
35959,49,34,5,2160
36006,33,6,1,2160
36065,38,20,10,2160
36087,16,40,3,240
36170,10,26,2,1080
36210,31,36,6,240
36243,24,31,6,2160
36262,2,20,5,480
36283,13,0,2,2160
36309,2,8,6,2160
36370,28,35,6,1080
36377,61,6,5,2160
36410,59,3,1,1080
36476,13,16,9,480
36519,57,46,6,720
36528,6,6,3,2160
36544,67,25,6,240
36625,39,17,6,2160
36634,63,26,6,2160
36759,20,23,7,480
36794,24,30,1,480
36826,50,4,1,480
36840,65,45,9,480
36925,22,1,2,2160
37035,57,6,1,720
37123,67,3,2,1080
37138,64,33,6,2160
37252,62,27,5,480
37257,50,12,8,2160
37368,15,24,4,720
37441,14,26,8,480
37681,7,6,4,2160
37714,7,24,9,1080
37736,3,25,9,2160
37819,35,8,9,2160
37903,47,45,2,240
37991,30,26,8,2160
38012,57,9,6,2160
38244,39,33,2,240
38285,17,46,2,2160
38289,12,4,2,720
38295,7,49,7,2160
38325,50,1,1,2160
38327,24,43,10,2160
38393,64,10,4,480
38422,21,21,10,2160
38439,43,42,7,240
38548,54,14,2,1080
38557,65,5,9,720
38627,61,13,2,2160
38640,38,0,3,1080
38744,67,26,4,1080
38801,66,45,9,240
38839,59,41,4,2160
38885,0,7,4,480
38935,49,13,1,720
38944,9,16,9,240
38992,44,1,3,720
39106,66,18,3,480
39113,64,50,4,1080
39127,22,18,9,720
39141,21,14,7,480
39314,56,10,1,720
39352,7,0,8,240
39392,52,20,4,1080
39397,57,3,10,720
39428,4,40,10,2160
39475,4,19,7,240
39485,16,6,2,2160
39501,22,44,8,2160
39588,53,47,7,2160
39628,45,4,7,240
39642,15,30,6,2160
39651,8,41,1,1080
40016,28,39,8,720
40033,1,24,1,1080
40078,34,39,2,2160
40212,43,41,3,720
40268,69,20,8,2160
40308,57,29,6,480
40338,62,10,9,1080
40385,37,23,9,720
40412,42,1,5,2160
40424,66,7,9,1080
40506,46,45,5,1080
40570,36,47,7,2160
40583,45,25,8,1080
40606,36,24,10,2160
40610,55,12,5,240
40659,50,7,4,720
40712,23,8,10,2160
40786,49,0,2,2160
40834,51,20,2,720
40852,10,28,9,2160
40931,24,35,10,2160
41110,15,42,8,720
41110,42,46,10,240
41183,34,23,2,2160
41273,46,12,5,2160
41351,65,5,9,720
41838,37,50,6,720
41866,12,28,6,480
41929,20,31,5,720
42047,3,23,3,1080
42160,24,16,5,1080
42186,47,11,4,2160
42216,12,46,7,240
42225,8,35,9,480
42242,24,35,6,480
42446,5,5,10,480
42617,49,44,8,2160
42666,66,11,2,240
42679,15,35,8,240
42691,46,50,1,240
42717,25,39,8,2160
42760,34,4,10,720
42780,6,47,4,480
42863,41,23,7,240
42934,59,48,6,480
42995,52,19,7,2160
43007,67,38,3,1080
43084,23,36,6,480
43179,17,46,9,720
43195,4,20,4,2160
43286,36,36,5,2160
43293,14,31,1,240
43426,42,22,4,720
43477,70,46,9,720
43483,7,35,8,720
43511,17,38,10,720
43554,32,4,2,480
43572,51,21,6,720
43581,18,33,7,2160
43583,4,15,2,720
43639,7,32,9,240
43672,23,0,5,2160
43711,3,24,8,2160
43717,40,38,6,2160
43720,10,6,2,2160
43731,36,4,6,240
43860,24,29,1,240
43924,34,14,9,480
43990,21,21,1,2160
44005,45,10,6,1080
44090,62,31,6,2160
44136,6,10,5,2160
44159,14,46,1,240
44223,28,44,5,240
44395,16,46,4,240
44403,4,37,2,2160
44576,64,27,5,240
44594,36,28,10,2160
44600,56,17,3,720
44615,10,35,3,2160
