01d17h14m-01d22h14m:53,3,53,11
01d01h33m-01d04h33m:47,47,54,47
01d17h17m-01d21h17m:49,15,55,15
01d16h00m-01d20h00m:36,10,41,10
01d07h25m-01d13h25m:3,45,7,45
01d04h27m-01d10h27m:55,11,62,11
01d11h34m-01d17h34m:32,33,39,33
01d20h09m-02d02h09m:30,46,30,50
01d09h13m-01d12h13m:35,16,45,16
01d03h30m-01d08h30m:22,42,22,45
02d23h47m-03d03h47m:11,16,11,23
02d03h52m-02d09h52m:69,27,69,34
02d08h36m-02d10h36m:64,22,69,22
02d19h01m-03d01h01m:37,5,46,5
02d01h20m-02d05h20m:38,28,42,28
02d22h52m-03d04h52m:13,26,21,26
02d06h54m-02d09h54m:27,30,27,40
02d16h33m-02d20h33m:61,6,61,15
02d15h14m-02d18h14m:47,39,47,43
02d19h59m-02d23h59m:62,9,70,9
03d09h37m-03d14h37m:26,35,26,42
03d07h09m-03d13h09m:7,27,7,36
03d08h57m-03d10h57m:61,23,64,23
03d07h01m-03d12h01m:63,13,63,20
03d20h03m-03d23h03m:59,12,59,22
03d00h26m-03d03h26m:52,42,62,42
03d13h50m-03d17h50m:7,43,16,43
03d06h36m-03d08h36m:19,43,27,43
03d02h25m-03d07h25m:1,23,9,23
03d16h18m-03d22h18m:7,29,11,29
04d04h05m-04d06h05m:14,34,14,41
04d16h28m-04d22h28m:12,16,12,21
04d13h41m-04d17h41m:17,7,24,7
04d22h36m-05d03h36m:1,21,1,25
04d08h11m-04d13h11m:51,15,51,25
04d06h47m-04d09h47m:37,27,43,27
04d00h48m-04d06h48m:61,27,61,31
04d02h45m-04d04h45m:70,23,70,30
04d06h31m-04d11h31m:25,33,25,40
04d09h45m-04d12h45m:42,14,42,23
05d06h39m-05d12h39m:9,24,9,32
05d20h22m-06d02h22m:49,27,49,32
05d16h11m-05d18h11m:35,7,41,7
05d10h16m-05d14h16m:38,11,46,11
05d21h44m-06d02h44m:13,43,17,43
05d00h03m-05d06h03m:45,24,51,24
05d03h31m-05d06h31m:14,16,22,16
05d18h27m-05d23h27m:49,47,49,50
05d03h24m-05d05h24m:30,27,30,37
05d13h44m-05d16h44m:32,33,42,33
06d04h03m-06d06h03m:70,3,70,7
06d22h45m-07d04h45m:24,1,24,6
06d10h13m-06d15h13m:59,24,69,24
06d20h29m-06d22h29m:23,14,23,21
06d19h07m-07d01h07m:17,17,17,22
06d14h58m-06d18h58m:34,6,34,10
06d14h48m-06d16h48m:20,36,20,39
06d19h30m-07d01h30m:3,10,6,10
06d14h13m-06d18h13m:57,9,61,9
06d01h59m-06d05h59m:44,39,44,43
07d08h19m-07d13h19m:5,49,13,49
07d02h11m-07d06h11m:56,25,56,29
07d17h40m-07d20h40m:57,31,66,31
07d18h37m-08d00h37m:65,42,69,42
07d08h30m-07d10h30m:33,42,38,42
07d23h00m-08d05h00m:34,21,34,25
07d01h10m-07d04h10m:15,11,15,21
07d16h38m-07d22h38m:37,8,37,18
07d23h25m-08d04h25m:29,0,29,10
07d19h15m-07d23h15m:31,10,31,16
08d17h21m-08d19h21m:24,46,24,49
08d07h40m-08d12h40m:51,34,51,37
08d00h11m-08d06h11m:45,1,45,11
08d11h39m-08d15h39m:20,48,20,50
08d08h24m-08d10h24m:28,4,28,8
08d11h03m-08d13h03m:32,41,32,45
08d22h55m-09d00h55m:41,1,51,1
08d22h06m-09d01h06m:39,45,39,50
08d17h42m-08d23h42m:61,42,68,42
08d12h38m-08d16h38m:44,18,49,18
09d16h41m-09d19h41m:37,15,37,25
09d18h17m-09d20h17m:44,43,50,43
09d08h00m-09d10h00m:32,20,32,24
09d13h56m-09d17h56m:29,42,29,50
09d14h43m-09d18h43m:20,8,20,11
09d13h23m-09d16h23m:11,13,16,13
09d11h18m-09d14h18m:3,36,3,43
09d13h23m-09d15h23m:48,38,48,41
09d01h07m-09d04h07m:52,24,52,29
09d01h33m-09d03h33m:33,22,37,22
10d04h01m-10d06h01m:42,3,52,3
10d05h23m-10d07h23m:35,45,43,45
10d05h11m-10d09h11m:46,18,46,27
10d08h01m-10d10h01m:53,18,53,22
10d10h28m-10d14h28m:47,9,47,13
10d14h50m-10d20h50m:62,1,62,6
10d00h07m-10d06h07m:24,40,32,40
10d13h25m-10d19h25m:21,4,30,4
10d23h25m-11d02h25m:37,18,37,27
10d11h56m-10d14h56m:29,49,35,49
11d12h21m-11d18h21m:45,5,50,5
11d12h56m-11d16h56m:47,43,56,43
11d16h52m-11d18h52m:51,25,51,28
11d18h43m-11d22h43m:22,24,28,24
11d18h38m-12d00h38m:9,23,9,28
11d18h58m-11d21h58m:5,37,14,37
11d23h54m-12d05h54m:51,2,57,2
11d14h14m-11d19h14m:4,16,4,22
11d11h04m-11d13h04m:17,27,17,37
11d14h15m-11d17h15m:45,16,52,16
12d16h42m-12d21h42m:39,25,46,25
12d22h29m-13d00h29m:42,19,42,22
12d00h52m-12d03h52m:0,25,4,25
12d02h28m-12d08h28m:0,8,9,8
12d20h10m-13d01h10m:39,6,43,6
12d12h10m-12d15h10m:5,46,5,50
12d01h49m-12d03h49m:57,42,57,48
12d21h34m-13d03h34m:29,42,29,47
12d15h53m-12d18h53m:39,7,39,13
12d02h16m-12d05h16m:62,31,70,31
13d15h50m-13d21h50m:39,16,39,20
13d23h53m-14d02h53m:6,38,6,46
13d20h01m-14d02h01m:29,25,33,25
13d13h02m-13d17h02m:15,27,24,27
13d08h30m-13d11h30m:62,19,62,23
13d03h25m-13d05h25m:30,35,35,35
13d15h32m-13d21h32m:59,37,59,44
13d07h15m-13d11h15m:39,34,45,34
13d10h21m-13d13h21m:14,45,22,45
13d10h57m-13d13h57m:65,13,70,13
14d15h46m-14d20h46m:29,14,39,14
14d15h38m-14d20h38m:15,20,22,20
14d21h27m-15d03h27m:36,41,36,50
14d08h18m-14d13h18m:14,41,14,47
14d01h52m-14d06h52m:51,31,51,36
14d00h46m-14d04h46m:56,49,56,50
14d19h51m-15d01h51m:29,16,29,26
14d08h43m-14d13h43m:38,8,46,8
14d08h48m-14d13h48m:60,23,69,23
14d23h01m-15d05h01m:67,16,67,24
15d21h56m-16d03h56m:65,47,70,47
15d01h34m-15d03h34m:49,3,49,13
15d11h43m-15d17h43m:57,49,60,49
15d21h52m-15d23h52m:36,34,39,34
15d22h06m-16d04h06m:55,18,62,18
15d20h40m-16d01h40m:2,42,2,47
15d07h28m-15d12h28m:9,20,17,20
15d20h39m-15d23h39m:21,32,24,32
15d13h36m-15d15h36m:64,48,67,48
15d21h36m-16d00h36m:23,44,23,50
16d16h53m-16d21h53m:6,12,6,21
16d17h20m-16d21h20m:19,24,19,33
16d16h14m-16d18h14m:49,31,49,34
16d12h54m-16d14h54m:12,19,17,19
16d08h53m-16d13h53m:32,22,32,26
16d23h20m-17d04h20m:6,30,14,30
16d16h39m-16d21h39m:63,22,63,30
16d19h50m-17d01h50m:66,6,70,6
16d14h45m-16d19h45m:65,18,65,24
16d19h51m-16d22h51m:43,9,53,9
17d18h27m-18d00h27m:0,19,7,19
17d18h13m-18d00h13m:54,12,64,12
17d22h26m-18d02h26m:52,23,52,28
17d04h47m-17d09h47m:3,5,3,12
17d09h08m-17d11h08m:69,38,69,45
17d18h10m-17d20h10m:20,7,20,14
17d15h00m-17d19h00m:24,36,31,36
17d01h48m-17d04h48m:34,39,40,39
17d17h11m-17d22h11m:6,30,6,40
17d09h09m-17d15h09m:24,2,34,2
18d02h03m-18d05h03m:10,4,10,14
18d01h39m-18d04h39m:4,12,9,12
18d17h39m-18d22h39m:18,29,18,38
18d08h34m-18d11h34m:8,5,13,5
18d05h24m-18d11h24m:52,37,60,37
18d10h46m-18d16h46m:67,14,70,14
18d13h11m-18d19h11m:47,42,57,42
18d23h17m-19d02h17m:5,13,9,13
18d01h24m-18d03h24m:65,18,68,18
18d03h41m-18d05h41m:13,21,13,25
19d18h07m-20d00h07m:17,18,25,18
19d17h10m-19d21h10m:32,38,32,46
19d11h05m-19d13h05m:55,25,63,25
19d05h16m-19d09h16m:15,38,15,47
19d18h22m-19d23h22m:33,8,33,17
19d16h37m-19d18h37m:15,5,20,5
19d10h39m-19d13h39m:65,38,65,46
19d06h58m-19d11h58m:63,42,63,50
19d21h07m-20d03h07m:22,44,22,50
19d16h45m-19d19h45m:13,8,13,11
20d05h59m-20d07h59m:20,21,27,21
20d04h39m-20d07h39m:39,9,46,9
20d01h27m-20d07h27m:28,47,28,50
20d14h28m-20d16h28m:15,50,20,50
20d02h56m-20d07h56m:65,5,70,5
20d05h32m-20d07h32m:17,19,20,19
20d17h32m-20d20h32m:59,44,67,44
20d14h48m-20d16h48m:26,0,26,10
20d14h41m-20d16h41m:64,12,64,18
20d04h45m-20d07h45m:68,50,70,50
21d03h42m-21d07h42m:43,42,52,42
21d22h25m-22d02h25m:57,24,62,24
21d21h47m-22d00h47m:62,3,69,3
21d05h05m-21d11h05m:48,49,48,50
21d09h56m-21d14h56m:65,38,70,38
21d15h00m-21d20h00m:5,49,15,49
21d18h02m-21d20h02m:6,35,6,41
21d15h19m-21d19h19m:20,21,20,24
21d11h26m-21d15h26m:1,38,9,38
21d15h41m-21d18h41m:2,31,2,40
22d18h27m-22d20h27m:29,28,37,28
22d12h25m-22d18h25m:2,1,7,1
22d10h00m-22d12h00m:64,26,64,30
22d19h30m-22d23h30m:28,3,37,3
22d07h02m-22d13h02m:40,46,40,50
22d05h00m-22d11h00m:0,44,0,50
22d16h52m-22d21h52m:26,25,26,30
22d09h58m-22d15h58m:21,3,24,3
22d08h12m-22d13h12m:67,38,67,46
22d10h52m-22d12h52m:23,32,23,37
23d01h06m-23d04h06m:32,15,32,23
23d08h34m-23d10h34m:46,20,46,27
23d07h21m-23d09h21m:18,42,18,49
23d07h30m-23d13h30m:22,5,28,5
23d15h22m-23d18h22m:33,0,39,0
23d01h16m-23d07h16m:20,45,20,50
23d14h18m-23d20h18m:54,5,54,13
23d11h29m-23d15h29m:3,3,3,11
23d13h34m-23d15h34m:9,29,16,29
23d17h23m-23d23h23m:4,21,4,27
24d02h30m-24d05h30m:10,3,10,9
24d21h55m-25d01h55m:10,4,18,4
24d03h55m-24d05h55m:49,6,56,6
24d09h35m-24d12h35m:6,26,6,33
24d22h39m-25d01h39m:7,15,10,15
24d06h07m-24d12h07m:18,45,18,48
24d18h32m-24d20h32m:39,11,39,19
24d04h20m-24d10h20m:14,1,23,1
24d13h20m-24d15h20m:42,49,46,49
24d16h21m-24d22h21m:64,21,64,27
25d21h08m-26d00h08m:14,35,17,35
25d17h02m-25d23h02m:67,0,67,3
25d05h20m-25d10h20m:19,15,23,15
25d03h10m-25d06h10m:23,8,32,8
25d06h51m-25d09h51m:66,32,66,42
25d04h04m-25d10h04m:53,39,53,44
25d19h40m-25d22h40m:23,34,23,39
25d15h27m-25d18h27m:20,25,30,25
25d08h32m-25d12h32m:0,49,0,50
25d04h40m-25d06h40m:14,49,21,49
26d18h07m-26d22h07m:2,36,5,36
26d05h09m-26d09h09m:53,47,53,50
26d17h23m-26d21h23m:45,22,45,27
26d10h12m-26d16h12m:41,21,41,29
26d18h20m-26d20h20m:17,16,22,16
26d23h06m-27d02h06m:11,20,17,20
26d20h43m-27d00h43m:12,31,22,31
26d01h02m-26d03h02m:50,22,60,22
26d02h09m-26d07h09m:42,29,49,29
26d09h49m-26d15h49m:20,32,25,32
27d19h07m-28d00h07m:67,31,67,38
27d16h19m-27d22h19m:7,27,12,27
27d05h40m-27d10h40m:7,21,10,21
27d12h44m-27d17h44m:4,13,11,13
27d16h15m-27d22h15m:56,11,56,17
27d02h38m-27d08h38m:58,38,58,46
27d23h20m-28d05h20m:17,50,17,50
27d17h32m-27d21h32m:31,9,38,9
27d14h39m-27d17h39m:50,22,55,22
27d01h37m-27d06h37m:67,26,67,35
28d06h16m-28d09h16m:14,20,14,30
28d07h25m-28d10h25m:16,14,20,14
28d12h25m-28d14h25m:29,18,36,18
28d19h52m-28d23h52m:2,12,2,19
28d05h13m-28d08h13m:42,27,42,35
28d14h18m-28d18h18m:4,26,10,26
28d20h25m-29d00h25m:20,38,26,38
28d09h48m-28d11h48m:0,6,0,11
28d22h18m-29d02h18m:65,1,69,1
28d03h02m-28d09h02m:54,13,54,23
29d07h16m-29d13h16m:19,37,26,37
29d08h44m-29d12h44m:3,35,13,35
29d06h46m-29d12h46m:9,17,14,17
29d16h31m-29d19h31m:56,18,56,28
29d18h47m-29d20h47m:54,13,54,17
29d21h08m-30d02h08m:49,45,57,45
29d05h51m-29d07h51m:43,4,43,8
29d09h16m-29d14h16m:31,30,36,30
29d08h27m-29d13h27m:22,26,29,26
29d05h45m-29d10h45m:7,9,7,19
30d08h04m-30d14h04m:35,50,43,50
30d12h17m-30d14h17m:33,24,33,32
30d22h58m-31d03h58m:24,4,29,4
30d13h46m-30d17h46m:44,8,44,11
30d07h07m-30d11h07m:68,7,68,17
30d18h49m-31d00h49m:38,25,38,33
30d13h30m-30d16h30m:4,33,4,36
30d16h31m-30d18h31m:63,26,63,30
30d06h13m-30d09h13m:2,32,2,42
30d00h57m-30d06h57m:40,7,47,7
