01d12h51m-01d18h51m:17,46,17,50
01d20h10m-02d01h10m:17,35,26,35
01d02h55m-01d05h55m:18,22,18,31
01d07h16m-01d09h16m:70,31,70,31
01d11h53m-01d13h53m:15,45,21,45
01d23h54m-02d01h54m:52,41,52,49
01d20h30m-02d00h30m:19,9,25,9
01d19h54m-01d21h54m:46,6,56,6
01d03h14m-01d09h14m:56,44,56,50
01d22h48m-02d00h48m:47,33,50,33
02d03h40m-02d05h40m:47,16,47,23
02d14h43m-02d18h43m:48,27,55,27
02d15h50m-02d19h50m:28,46,37,46
02d11h38m-02d17h38m:23,2,31,2
02d10h32m-02d14h32m:45,9,55,9
02d22h25m-03d02h25m:60,21,60,30
02d12h25m-02d16h25m:34,48,34,50
02d17h49m-02d20h49m:42,45,50,45
02d03h06m-02d07h06m:31,29,31,38
02d18h57m-02d20h57m:66,24,66,34
03d00h22m-03d02h22m:42,39,42,42
03d14h04m-03d18h04m:53,39,61,39
03d20h33m-03d23h33m:20,10,28,10
03d16h08m-03d20h08m:58,15,63,15
03d10h28m-03d12h28m:40,26,47,26
03d06h17m-03d11h17m:19,36,25,36
03d17h14m-03d22h14m:23,9,23,13
03d07h19m-03d10h19m:67,19,70,19
03d04h35m-03d10h35m:58,43,58,50
03d11h13m-03d15h13m:4,44,9,44
04d17h47m-04d22h47m:14,39,14,42
04d18h31m-04d22h31m:40,0,40,3
04d19h42m-04d21h42m:47,41,51,41
04d02h02m-04d06h02m:49,18,58,18
04d15h46m-04d21h46m:30,1,36,1
04d04h59m-04d08h59m:58,42,62,42
04d19h37m-04d21h37m:57,36,67,36
04d08h07m-04d11h07m:53,48,53,50
04d15h53m-04d19h53m:34,16,34,26
04d04h19m-04d09h19m:16,49,16,50
05d03h14m-05d05h14m:56,32,56,40
05d04h01m-05d09h01m:68,5,68,13
05d13h40m-05d17h40m:24,45,31,45
05d05h10m-05d11h10m:64,43,64,49
05d17h55m-05d19h55m:35,21,41,21
05d05h34m-05d07h34m:17,21,25,21
05d01h20m-05d06h20m:32,13,32,22
05d09h10m-05d13h10m:22,20,22,30
05d03h09m-05d08h09m:62,23,62,32
05d10h04m-05d14h04m:12,9,12,15
06d16h21m-06d21h21m:64,44,64,49
06d06h54m-06d12h54m:29,3,33,3
06d23h09m-07d01h09m:55,1,63,1
06d17h09m-06d20h09m:7,19,7,24
06d18h11m-07d00h11m:1,9,1,16
06d00h22m-06d03h22m:34,2,34,7
06d08h09m-06d12h09m:33,15,43,15
06d10h04m-06d14h04m:46,18,46,28
06d06h47m-06d09h47m:56,43,60,43
06d15h08m-06d18h08m:22,49,22,50
07d12h03m-07d15h03m:50,45,50,48
07d13h49m-07d17h49m:34,41,34,48
07d22h29m-08d02h29m:17,6,23,6
07d05h31m-07d10h31m:62,21,69,21
07d17h39m-07d20h39m:44,13,54,13
07d18h24m-07d22h24m:65,0,70,0
07d15h57m-07d17h57m:49,12,58,12
07d23h34m-08d01h34m:53,42,53,48
07d02h23m-07d05h23m:20,33,25,33
07d17h41m-07d19h41m:57,29,63,29
08d00h10m-08d03h10m:22,22,30,22
08d11h08m-08d17h08m:51,41,51,50
08d12h53m-08d15h53m:36,45,36,50
08d03h35m-08d09h35m:3,43,3,49
08d19h25m-09d01h25m:28,35,28,41
08d14h13m-08d19h13m:21,46,26,46
08d20h30m-09d00h30m:47,19,54,19
08d05h31m-08d07h31m:35,25,35,29
08d16h37m-08d21h37m:34,38,41,38
08d14h26m-08d19h26m:57,38,65,38
09d07h40m-09d12h40m:55,11,55,17
09d17h53m-09d20h53m:34,45,34,50
09d19h52m-09d22h52m:33,39,38,39
09d05h51m-09d08h51m:5,49,8,49
09d09h31m-09d14h31m:17,20,24,20
09d12h16m-09d17h16m:61,12,61,19
09d18h50m-09d22h50m:45,23,53,23
09d00h51m-09d04h51m:4,16,11,16
09d03h30m-09d06h30m:56,4,56,13
09d14h53m-09d20h53m:42,26,42,29
10d15h15m-10d20h15m:24,39,24,48
10d15h09m-10d19h09m:38,22,38,25
10d08h01m-10d12h01m:46,35,46,44
10d13h08m-10d19h08m:32,34,32,40
10d07h40m-10d12h40m:6,41,12,41
10d00h39m-10d06h39m:0,14,0,22
10d18h27m-10d21h27m:31,29,37,29
10d18h03m-10d21h03m:59,14,59,24
10d07h14m-10d12h14m:57,4,57,14
10d20h21m-11d01h21m:66,0,66,3
11d06h36m-11d12h36m:8,25,18,25
11d00h20m-11d02h20m:3,6,3,11
11d18h39m-11d21h39m:31,4,39,4
11d17h57m-11d20h57m:14,2,14,12
11d17h15m-11d20h15m:7,34,13,34
11d04h59m-11d07h59m:13,42,22,42
11d23h34m-12d05h34m:39,10,44,10
11d21h35m-11d23h35m:18,40,23,40
11d22h00m-12d03h00m:0,9,0,17
11d07h46m-11d09h46m:53,21,53,27
12d17h26m-12d19h26m:26,19,32,19
12d14h13m-12d17h13m:15,10,15,14
12d05h41m-12d09h41m:21,12,21,16
12d00h43m-12d05h43m:33,4,41,4
12d12h05m-12d17h05m:32,10,35,10
12d14h43m-12d20h43m:27,45,30,45
12d12h15m-12d17h15m:48,25,48,28
12d06h21m-12d12h21m:48,24,48,34
12d15h33m-12d19h33m:63,37,63,47
12d20h47m-12d23h47m:59,39,64,39
13d01h49m-13d03h49m:53,42,60,42
13d01h32m-13d05h32m:35,27,39,27
13d18h09m-13d20h09m:52,29,56,29
13d09h29m-13d14h29m:16,49,26,49
13d13h50m-13d19h50m:31,43,35,43
13d08h36m-13d10h36m:2,48,2,50
13d15h27m-13d18h27m:27,42,27,49
13d17h46m-13d23h46m:62,47,67,47
13d09h49m-13d12h49m:69,3,69,13
13d12h12m-13d15h12m:40,14,45,14
14d12h30m-14d17h30m:56,30,56,38
14d13h27m-14d18h27m:28,20,28,26
14d17h52m-14d21h52m:18,32,24,32
14d07h18m-14d12h18m:32,23,32,29
14d00h56m-14d02h56m:34,30,38,30
14d06h05m-14d10h05m:16,17,16,21
14d17h23m-14d20h23m:69,41,70,41
14d21h32m-15d03h32m:4,7,4,15
14d13h20m-14d15h20m:7,40,15,40
14d16h05m-14d18h05m:70,11,70,19
15d08h00m-15d13h00m:51,13,51,16
15d14h27m-15d16h27m:7,49,15,49
15d23h31m-16d03h31m:35,47,45,47
15d09h37m-15d12h37m:33,7,33,17
15d15h21m-15d17h21m:29,37,34,37
15d22h03m-16d02h03m:46,40,46,50
15d16h26m-15d21h26m:0,11,10,11
15d06h51m-15d11h51m:11,35,11,38
15d19h38m-16d01h38m:45,14,50,14
15d11h07m-15d16h07m:69,5,70,5
16d01h25m-16d04h25m:45,32,53,32
16d05h16m-16d10h16m:32,2,32,10
16d20h42m-17d01h42m:3,11,12,11
16d02h00m-16d07h00m:6,49,11,49
16d10h07m-16d16h07m:32,31,32,39
16d18h57m-16d20h57m:24,3,33,3
16d04h58m-16d06h58m:56,31,56,39
16d18h53m-17d00h53m:10,20,13,20
16d14h23m-16d18h23m:46,9,46,16
16d09h57m-16d13h57m:2,2,12,2
17d00h09m-17d03h09m:15,21,15,25
17d14h29m-17d19h29m:13,45,21,45
17d11h22m-17d13h22m:34,23,43,23
17d08h18m-17d11h18m:13,35,13,43
17d07h02m-17d13h02m:48,41,48,47
17d23h55m-18d04h55m:58,46,61,46
17d20h33m-18d02h33m:57,50,57,50
17d21h56m-18d03h56m:66,38,66,47
17d17h34m-17d22h34m:36,34,36,42
17d06h44m-17d12h44m:37,7,37,10
18d10h56m-18d15h56m:44,25,44,28
18d03h29m-18d08h29m:47,25,47,32
18d10h10m-18d12h10m:18,15,21,15
18d10h41m-18d15h41m:2,38,2,47
18d06h19m-18d09h19m:17,10,27,10
18d10h16m-18d16h16m:48,12,48,17
18d07h54m-18d10h54m:24,11,31,11
18d09h07m-18d14h07m:55,31,55,34
18d16h34m-18d19h34m:61,25,67,25
18d04h54m-18d09h54m:8,43,17,43
19d01h47m-19d06h47m:57,25,67,25
19d04h48m-19d08h48m:21,35,29,35
19d19h24m-20d00h24m:65,47,70,47
19d09h20m-19d11h20m:22,10,22,17
19d08h16m-19d13h16m:46,26,46,31
19d07h06m-19d11h06m:70,47,70,47
19d23h57m-20d03h57m:0,0,0,3
19d12h03m-19d17h03m:53,33,53,39
19d23h31m-20d01h31m:22,48,25,48
19d06h54m-19d08h54m:43,34,43,44
20d00h15m-20d02h15m:68,37,68,40
20d23h37m-21d04h37m:13,30,19,30
20d19h00m-20d21h00m:44,44,51,44
20d14h57m-20d19h57m:37,32,37,36
20d10h03m-20d13h03m:3,49,3,50
20d20h06m-20d23h06m:67,38,70,38
20d14h39m-20d20h39m:34,20,34,25
20d23h31m-21d03h31m:47,39,47,49
20d01h52m-20d05h52m:48,29,57,29
20d09h09m-20d13h09m:70,26,70,35
21d07h54m-21d12h54m:60,36,70,36
21d17h02m-21d21h02m:19,17,19,20
21d13h12m-21d15h12m:64,42,64,50
21d13h03m-21d15h03m:29,1,35,1
21d21h39m-22d03h39m:55,14,59,14
21d23h19m-22d02h19m:48,4,53,4
21d12h09m-21d18h09m:69,47,70,47
21d09h23m-21d13h23m:28,42,28,46
21d16h52m-21d18h52m:30,29,30,35
21d17h30m-21d21h30m:44,0,44,9
22d21h36m-23d00h36m:31,25,34,25
22d18h05m-23d00h05m:60,28,67,28
22d06h08m-22d11h08m:49,3,49,10
22d03h45m-22d07h45m:14,37,24,37
22d12h07m-22d18h07m:60,7,65,7
22d00h33m-22d06h33m:55,3,58,3
22d05h42m-22d08h42m:65,43,70,43
22d13h00m-22d18h00m:20,17,29,17
22d01h35m-22d03h35m:29,45,33,45
22d10h08m-22d15h08m:20,41,23,41
23d23h08m-24d01h08m:41,19,41,27
23d09h13m-23d13h13m:53,46,62,46
23d21h08m-24d03h08m:1,20,1,30
23d09h37m-23d11h37m:43,16,43,21
23d04h36m-23d06h36m:29,4,37,4
23d02h52m-23d05h52m:54,30,54,33
23d11h11m-23d17h11m:24,24,34,24
23d03h03m-23d08h03m:8,35,8,42
23d03h54m-23d09h54m:39,43,43,43
23d06h46m-23d11h46m:43,17,48,17
24d00h07m-24d05h07m:63,10,63,19
24d19h54m-24d22h54m:30,7,34,7
24d08h31m-24d11h31m:3,21,3,31
24d23h30m-25d02h30m:46,39,46,48
24d21h34m-24d23h34m:45,4,53,4
24d04h00m-24d10h00m:1,25,1,34
24d17h58m-24d21h58m:40,34,44,34
24d23h26m-25d01h26m:32,7,32,15
24d03h06m-24d07h06m:29,10,29,19
24d22h23m-25d03h23m:0,50,6,50
25d21h36m-25d23h36m:66,49,70,49
25d15h03m-25d19h03m:41,42,49,42
25d10h54m-25d12h54m:44,26,51,26
25d19h29m-26d01h29m:0,36,3,36
25d07h20m-25d09h20m:11,4,21,4
25d20h05m-25d23h05m:46,41,46,46
25d05h00m-25d08h00m:59,44,59,49
25d07h39m-25d13h39m:5,48,5,50
25d18h58m-25d22h58m:11,35,11,44
25d13h27m-25d16h27m:10,48,20,48
26d22h03m-27d04h03m:37,39,45,39
26d13h13m-26d19h13m:20,38,20,47
26d01h01m-26d05h01m:2,26,12,26
26d12h57m-26d15h57m:56,39,60,39
26d14h25m-26d20h25m:8,32,15,32
26d07h17m-26d12h17m:48,27,55,27
26d19h29m-27d01h29m:68,22,68,28
26d08h47m-26d12h47m:6,36,6,42
26d08h57m-26d13h57m:54,29,60,29
26d07h27m-26d09h27m:24,21,27,21
27d08h00m-27d14h00m:26,23,29,23
27d03h06m-27d05h06m:69,43,70,43
27d15h23m-27d17h23m:51,50,51,50
27d07h00m-27d09h00m:35,8,35,13
27d19h35m-27d22h35m:3,50,3,50
27d10h24m-27d15h24m:0,12,7,12
27d11h22m-27d16h22m:1,45,1,50
27d10h34m-27d13h34m:62,28,62,37
27d10h05m-27d13h05m:64,26,70,26
27d15h35m-27d20h35m:52,24,52,27
28d18h39m-28d20h39m:20,3,23,3
28d21h53m-29d01h53m:21,25,31,25
28d08h49m-28d11h49m:68,20,68,24
28d16h58m-28d21h58m:37,50,42,50
28d09h54m-28d14h54m:21,10,21,14
28d13h55m-28d19h55m:1,27,1,36
28d11h59m-28d14h59m:17,1,24,1
28d19h28m-28d21h28m:37,4,43,4
28d10h57m-28d12h57m:9,22,13,22
28d15h47m-28d19h47m:37,6,37,9
29d18h50m-29d22h50m:43,15,48,15
29d15h54m-29d17h54m:6,43,9,43
29d09h09m-29d14h09m:66,43,66,48
29d11h28m-29d14h28m:11,29,20,29
29d10h26m-29d15h26m:35,39,35,49
29d23h16m-30d04h16m:52,22,62,22
29d13h07m-29d18h07m:59,5,66,5
29d22h57m-30d02h57m:26,46,26,50
29d11h57m-29d13h57m:0,27,0,32
29d16h02m-29d22h02m:3,2,12,2
30d10h31m-30d14h31m:39,30,39,37
30d10h33m-30d14h33m:70,36,70,36
30d14h56m-30d18h56m:15,41,25,41
30d00h52m-30d02h52m:39,13,39,16
30d17h12m-30d21h12m:36,40,42,40
30d22h43m-31d00h43m:61,48,61,50
30d11h51m-30d15h51m:50,39,50,42
30d03h45m-30d08h45m:16,3,25,3
30d18h34m-31d00h34m:27,8,36,8
30d18h29m-30d23h29m:46,14,54,14
