01d10h44m-01d12h44m:31,40,31,47
01d22h42m-02d01h42m:7,27,7,30
01d13h45m-01d15h45m:13,42,22,42
01d17h06m-01d19h06m:41,29,48,29
01d23h40m-02d04h40m:56,33,60,33
01d23h17m-02d05h17m:65,17,65,22
01d08h01m-01d11h01m:68,43,68,48
01d10h41m-01d16h41m:5,17,5,21
01d21h24m-02d01h24m:50,13,57,13
01d23h37m-02d05h37m:9,18,16,18
02d14h44m-02d18h44m:17,4,17,14
02d08h24m-02d11h24m:52,2,52,12
02d23h51m-03d04h51m:68,49,70,49
02d19h10m-03d01h10m:12,48,12,50
02d22h27m-03d03h27m:8,4,8,7
02d09h23m-02d13h23m:58,7,58,17
02d23h40m-03d04h40m:12,15,21,15
02d17h51m-02d20h51m:39,25,39,28
02d08h23m-02d11h23m:21,42,26,42
02d20h27m-03d00h27m:5,11,12,11
03d01h38m-03d06h38m:53,43,57,43
03d20h47m-04d02h47m:56,46,56,50
03d02h30m-03d07h30m:21,4,24,4
03d03h11m-03d05h11m:52,36,52,39
03d10h26m-03d12h26m:17,43,17,50
03d05h47m-03d11h47m:34,14,41,14
03d18h37m-03d21h37m:3,16,7,16
03d16h27m-03d18h27m:44,1,44,11
03d18h55m-03d22h55m:7,43,7,50
03d21h49m-04d02h49m:28,20,28,26
04d10h45m-04d14h45m:29,40,29,44
04d03h32m-04d06h32m:36,39,44,39
04d18h48m-05d00h48m:23,8,23,18
04d07h34m-04d10h34m:39,24,43,24
04d19h44m-04d23h44m:12,23,20,23
04d21h29m-04d23h29m:53,30,61,30
04d11h47m-04d17h47m:33,39,33,46
04d17h37m-04d19h37m:14,0,18,0
04d17h32m-04d22h32m:43,19,43,24
04d06h58m-04d08h58m:28,1,33,1
05d09h37m-05d12h37m:45,24,45,32
05d19h50m-06d00h50m:26,34,26,42
05d09h02m-05d14h02m:21,50,21,50
05d17h54m-05d19h54m:26,26,36,26
05d17h35m-05d23h35m:55,50,60,50
05d15h47m-05d18h47m:51,41,61,41
05d17h42m-05d22h42m:23,8,23,18
05d08h23m-05d11h23m:58,49,62,49
05d13h38m-05d16h38m:68,9,68,19
05d08h19m-05d14h19m:47,5,50,5
06d22h40m-07d03h40m:29,44,36,44
06d10h32m-06d14h32m:18,10,23,10
06d02h49m-06d05h49m:4,34,4,44
06d01h29m-06d03h29m:6,19,9,19
06d23h44m-07d01h44m:52,30,62,30
06d10h45m-06d16h45m:51,38,56,38
06d02h54m-06d06h54m:1,18,1,27
06d10h44m-06d15h44m:29,49,38,49
06d02h27m-06d07h27m:61,23,61,26
06d05h13m-06d08h13m:30,10,30,16
07d03h47m-07d09h47m:61,42,61,48
07d19h39m-07d23h39m:29,2,29,9
07d23h31m-08d01h31m:29,18,32,18
07d16h25m-07d18h25m:53,49,57,49
07d16h40m-07d18h40m:36,47,45,47
07d17h53m-07d22h53m:20,4,30,4
07d17h06m-07d20h06m:53,22,56,22
07d07h17m-07d10h17m:64,8,64,12
07d22h10m-08d03h10m:42,40,42,50
07d11h46m-07d14h46m:8,33,18,33
08d06h05m-08d10h05m:26,5,29,5
08d16h36m-08d22h36m:26,22,34,22
08d04h01m-08d06h01m:30,50,30,50
08d03h48m-08d06h48m:30,16,38,16
08d22h20m-09d04h20m:51,37,56,37
08d07h22m-08d09h22m:9,24,9,29
08d10h28m-08d15h28m:55,8,61,8
08d08h36m-08d12h36m:16,6,23,6
08d05h55m-08d09h55m:33,46,33,49
08d01h35m-08d06h35m:3,28,6,28
09d23h13m-10d01h13m:49,46,49,50
09d13h08m-09d15h08m:47,15,47,20
09d08h09m-09d14h09m:45,25,45,33
09d00h54m-09d02h54m:39,42,48,42
09d18h22m-09d21h22m:11,48,11,50
09d13h56m-09d16h56m:14,8,14,14
09d10h47m-09d12h47m:24,45,24,48
09d21h20m-10d02h20m:48,34,48,41
09d14h04m-09d18h04m:57,34,57,39
09d13h07m-09d19h07m:10,25,18,25
10d03h00m-10d06h00m:18,44,21,44
10d20h23m-11d00h23m:29,44,38,44
10d13h57m-10d18h57m:38,36,38,46
10d13h28m-10d18h28m:47,35,52,35
10d04h48m-10d09h48m:15,21,19,21
10d17h34m-10d21h34m:48,18,48,23
10d10h54m-10d16h54m:67,22,67,31
10d05h38m-10d09h38m:41,16,44,16
10d00h19m-10d02h19m:13,30,13,34
10d07h00m-10d13h00m:56,42,56,47
11d17h25m-11d21h25m:27,10,30,10
11d10h54m-11d15h54m:59,46,59,50
11d23h13m-12d02h13m:38,41,38,49
11d03h13m-11d08h13m:55,28,60,28
11d01h07m-11d05h07m:70,39,70,39
11d16h33m-11d19h33m:22,40,22,46
11d01h28m-11d03h28m:30,8,40,8
11d01h10m-11d05h10m:42,48,42,50
11d05h45m-11d10h45m:69,50,69,50
11d18h00m-11d21h00m:2,24,2,31
12d21h50m-13d03h50m:4,33,4,37
12d01h51m-12d05h51m:13,48,21,48
12d19h01m-13d01h01m:58,39,62,39
12d09h55m-12d12h55m:31,22,31,29
12d05h43m-12d11h43m:41,26,41,35
12d08h30m-12d14h30m:67,11,70,11
12d05h31m-12d11h31m:15,11,15,20
12d02h01m-12d07h01m:10,45,20,45
12d06h25m-12d11h25m:58,36,66,36
12d17h46m-12d21h46m:43,10,53,10
13d18h38m-13d23h38m:58,13,67,13
13d11h19m-13d14h19m:53,10,56,10
13d19h12m-13d23h12m:6,5,6,9
13d03h27m-13d08h27m:66,2,70,2
13d10h50m-13d12h50m:63,17,70,17
13d22h41m-14d02h41m:65,28,65,33
13d08h56m-13d11h56m:55,17,65,17
13d00h00m-13d02h00m:35,28,38,28
13d13h29m-13d16h29m:7,41,7,44
13d13h44m-13d16h44m:4,7,13,7
14d23h40m-15d01h40m:39,48,39,50
14d09h29m-14d13h29m:11,7,11,14
14d09h21m-14d14h21m:30,12,35,12
14d03h49m-14d08h49m:61,3,69,3
14d18h28m-15d00h28m:2,26,5,26
14d13h53m-14d19h53m:33,30,40,30
14d17h52m-14d23h52m:11,15,18,15
14d22h38m-15d00h38m:39,35,39,43
14d01h11m-14d06h11m:58,44,62,44
14d11h22m-14d17h22m:65,38,65,45
15d18h26m-15d21h26m:54,31,54,40
15d07h43m-15d12h43m:5,9,8,9
15d09h19m-15d12h19m:28,27,28,30
15d05h32m-15d08h32m:43,7,52,7
15d21h14m-16d00h14m:53,34,53,42
15d05h21m-15d09h21m:54,2,54,5
15d05h38m-15d07h38m:12,48,20,48
15d13h18m-15d18h18m:21,14,21,17
15d16h05m-15d20h05m:22,34,32,34
15d00h31m-15d06h31m:56,8,59,8
16d10h37m-16d16h37m:42,9,42,18
16d03h08m-16d06h08m:40,24,40,29
16d05h58m-16d08h58m:46,47,46,50
16d04h51m-16d06h51m:38,8,38,18
16d10h11m-16d16h11m:39,45,39,50
16d20h12m-16d22h12m:49,10,49,15
16d16h23m-16d19h23m:23,19,23,26
16d10h42m-16d15h42m:28,32,38,32
16d02h27m-16d06h27m:23,27,27,27
16d00h34m-16d05h34m:62,49,68,49
17d08h41m-17d13h41m:8,11,14,11
17d12h42m-17d14h42m:40,14,48,14
17d23h47m-18d04h47m:8,39,8,43
17d21h12m-18d00h12m:3,42,11,42
17d03h20m-17d08h20m:4,8,4,18
17d15h49m-17d18h49m:6,8,6,16
17d06h29m-17d09h29m:27,29,31,29
17d03h01m-17d08h01m:42,14,51,14
17d16h29m-17d18h29m:45,16,48,16
17d04h54m-17d09h54m:35,44,35,49
18d08h05m-18d14h05m:4,14,4,23
18d18h33m-18d23h33m:56,45,65,45
18d04h21m-18d06h21m:64,21,70,21
18d01h12m-18d05h12m:9,27,17,27
18d21h59m-18d23h59m:57,11,64,11
18d07h10m-18d10h10m:1,4,1,9
18d19h42m-18d23h42m:48,7,58,7
18d10h13m-18d15h13m:66,11,70,11
18d10h03m-18d16h03m:30,0,38,0
18d10h15m-18d13h15m:57,3,65,3
19d22h49m-20d02h49m:33,31,41,31
19d11h55m-19d16h55m:33,11,33,18
19d09h47m-19d11h47m:59,23,65,23
19d00h35m-19d06h35m:49,23,49,31
19d21h27m-20d00h27m:55,0,55,9
19d23h51m-20d03h51m:65,23,65,33
19d11h38m-19d15h38m:37,9,47,9
19d13h29m-19d15h29m:1,13,4,13
19d04h32m-19d08h32m:45,7,52,7
19d15h41m-19d17h41m:9,46,13,46
20d01h42m-20d05h42m:2,1,2,5
20d07h40m-20d10h40m:68,33,70,33
20d17h57m-20d20h57m:56,6,65,6
20d20h45m-20d22h45m:2,11,2,21
20d03h17m-20d09h17m:14,1,14,11
20d11h51m-20d17h51m:47,12,51,12
20d16h20m-20d19h20m:33,21,33,31
20d09h02m-20d14h02m:52,4,52,12
20d05h30m-20d07h30m:22,44,27,44
20d16h00m-20d22h00m:69,35,69,39
21d08h03m-21d12h03m:57,0,65,0
21d22h44m-22d03h44m:28,42,38,42
21d02h08m-21d05h08m:52,8,52,12
21d07h36m-21d13h36m:52,50,52,50
21d04h02m-21d10h02m:45,3,45,11
21d19h57m-21d21h57m:3,9,10,9
21d13h31m-21d16h31m:17,37,26,37
21d17h28m-21d19h28m:7,21,7,26
21d00h44m-21d06h44m:56,0,56,8
21d14h22m-21d18h22m:38,32,48,32
22d22h05m-23d04h05m:19,49,19,50
22d17h24m-22d23h24m:13,21,13,26
22d20h05m-23d00h05m:39,31,45,31
22d06h33m-22d12h33m:19,35,19,38
22d19h42m-23d01h42m:25,30,25,40
22d13h30m-22d18h30m:48,24,48,28
22d09h47m-22d13h47m:32,50,32,50
22d07h53m-22d13h53m:10,31,15,31
22d12h01m-22d18h01m:20,23,28,23
22d15h46m-22d17h46m:55,45,63,45
23d16h08m-23d20h08m:49,25,49,29
23d01h39m-23d04h39m:39,17,47,17
23d09h57m-23d12h57m:41,4,41,14
23d08h14m-23d11h14m:36,35,36,44
23d22h53m-24d00h53m:24,0,34,0
23d00h37m-23d02h37m:28,49,34,49
23d19h59m-23d23h59m:39,23,46,23
23d20h57m-24d02h57m:63,0,63,3
23d12h39m-23d17h39m:15,29,19,29
23d01h13m-23d05h13m:17,32,27,32
24d08h03m-24d14h03m:17,12,22,12
24d17h31m-24d23h31m:26,47,26,50
24d07h56m-24d11h56m:39,23,39,32
24d10h41m-24d15h41m:70,41,70,50
24d10h51m-24d14h51m:41,33,45,33
24d20h50m-24d22h50m:57,0,57,9
24d02h53m-24d05h53m:54,41,54,50
24d17h15m-24d21h15m:57,1,67,1
24d07h57m-24d11h57m:5,28,5,31
24d19h21m-24d23h21m:28,46,34,46
25d07h32m-25d11h32m:19,26,27,26
25d01h17m-25d07h17m:68,17,70,17
25d02h16m-25d06h16m:19,37,24,37
25d11h16m-25d14h16m:53,21,53,29
25d00h22m-25d03h22m:14,28,18,28
25d00h24m-25d03h24m:7,21,15,21
25d11h01m-25d14h01m:17,45,17,50
25d13h04m-25d19h04m:36,21,44,21
25d12h33m-25d18h33m:8,29,8,35
25d08h40m-25d11h40m:44,9,44,18
26d13h29m-26d19h29m:40,47,43,47
26d02h30m-26d05h30m:44,6,44,10
26d10h06m-26d13h06m:14,14,24,14
26d21h53m-26d23h53m:59,0,62,0
26d13h20m-26d16h20m:60,21,60,26
26d09h11m-26d15h11m:37,15,37,24
26d07h58m-26d12h58m:10,45,10,50
26d08h18m-26d13h18m:42,15,42,23
26d21h06m-27d02h06m:20,21,20,26
26d03h11m-26d09h11m:28,36,28,39
27d00h15m-27d04h15m:55,19,59,19
27d03h33m-27d05h33m:54,46,62,46
27d14h09m-27d18h09m:40,25,47,25
27d15h01m-27d21h01m:36,47,43,47
27d17h11m-27d21h11m:40,0,40,5
27d20h59m-28d01h59m:12,14,19,14
27d09h11m-27d15h11m:42,28,42,33
27d13h28m-27d18h28m:3,7,3,12
27d18h31m-27d23h31m:62,47,69,47
27d13h54m-27d17h54m:56,30,62,30
28d22h51m-29d04h51m:60,27,64,27
28d01h38m-28d05h38m:15,17,18,17
28d22h31m-29d02h31m:9,45,9,50
28d14h09m-28d18h09m:70,4,70,8
28d00h43m-28d03h43m:32,9,32,15
28d00h24m-28d02h24m:24,43,24,50
28d23h58m-29d02h58m:67,45,67,50
28d04h41m-28d07h41m:18,42,18,49
28d16h18m-28d20h18m:67,28,67,33
28d11h02m-28d14h02m:59,11,59,20
29d08h26m-29d11h26m:44,32,44,42
29d20h21m-30d02h21m:14,21,18,21
29d14h58m-29d19h58m:42,22,42,31
29d16h53m-29d20h53m:25,49,30,49
29d22h43m-30d02h43m:42,34,42,38
29d23h06m-30d03h06m:30,47,30,50
29d08h41m-29d10h41m:24,3,24,9
29d13h44m-29d18h44m:63,32,67,32
29d22h51m-30d03h51m:30,34,36,34
29d11h50m-29d14h50m:5,5,5,9
30d18h54m-30d23h54m:22,35,22,45
30d09h13m-30d15h13m:64,1,64,6
30d16h31m-30d20h31m:65,8,70,8
30d09h07m-30d12h07m:36,15,43,15
30d14h11m-30d16h11m:47,19,53,19
30d14h23m-30d18h23m:22,7,22,16
30d16h06m-30d20h06m:7,47,7,50
30d17h23m-30d21h23m:29,7,35,7
30d23h48m-31d02h48m:45,0,55,0
30d22h18m-31d00h18m:26,21,26,28
