01d23h52m-02d04h52m:45,44,45,50
01d14h27m-01d19h27m:38,46,38,50
01d19h52m-01d23h52m:48,26,48,34
01d09h28m-01d14h28m:39,19,44,19
01d20h22m-01d22h22m:50,45,50,50
01d13h33m-01d19h33m:31,28,31,32
01d15h33m-01d17h33m:19,29,19,38
01d22h49m-02d03h49m:68,50,68,50
01d01h27m-01d03h27m:24,11,33,11
01d12h54m-01d15h54m:11,36,11,39
02d11h44m-02d17h44m:19,43,24,43
02d01h54m-02d07h54m:47,2,47,8
02d20h14m-03d02h14m:36,24,36,28
02d09h48m-02d15h48m:4,37,9,37
02d06h55m-02d08h55m:25,39,25,47
02d21h36m-03d01h36m:70,35,70,40
02d21h59m-03d01h59m:44,18,52,18
02d16h09m-02d20h09m:69,5,69,9
02d15h32m-02d21h32m:9,9,9,12
02d19h53m-02d22h53m:54,3,54,9
03d06h16m-03d09h16m:25,28,31,28
03d15h11m-03d20h11m:49,2,52,2
03d09h46m-03d15h46m:42,24,51,24
03d08h29m-03d11h29m:35,35,39,35
03d20h06m-04d01h06m:55,12,55,16
03d13h26m-03d18h26m:53,13,53,22
03d19h42m-03d21h42m:27,16,32,16
03d06h39m-03d11h39m:45,39,52,39
03d00h58m-03d05h58m:6,39,6,42
03d02h42m-03d05h42m:21,12,24,12
04d10h36m-04d12h36m:60,36,60,40
04d00h27m-04d03h27m:54,22,54,30
04d04h39m-04d07h39m:5,31,5,40
04d09h31m-04d15h31m:63,8,68,8
04d01h53m-04d07h53m:70,50,70,50
04d14h32m-04d18h32m:3,46,3,50
04d05h36m-04d09h36m:27,10,36,10
04d22h03m-05d02h03m:60,8,65,8
04d01h12m-04d05h12m:48,43,53,43
04d10h22m-04d16h22m:5,32,15,32
05d08h39m-05d10h39m:50,7,50,16
05d09h59m-05d15h59m:9,13,18,13
05d15h01m-05d18h01m:33,49,33,50
05d15h40m-05d18h40m:34,25,44,25
05d17h55m-05d22h55m:61,29,61,38
05d21h31m-06d01h31m:38,27,42,27
05d21h27m-06d01h27m:57,20,64,20
05d07h09m-05d10h09m:50,24,50,32
05d10h17m-05d12h17m:35,23,44,23
05d17h36m-05d21h36m:36,43,36,46
06d13h25m-06d15h25m:32,9,37,9
06d00h08m-06d02h08m:56,27,56,33
06d18h30m-06d22h30m:57,44,57,50
06d20h41m-06d22h41m:53,10,53,16
06d11h32m-06d13h32m:50,44,58,44
06d12h10m-06d18h10m:64,43,70,43
06d03h14m-06d09h14m:30,40,30,48
06d01h04m-06d03h04m:30,18,33,18
06d11h42m-06d15h42m:7,2,7,12
06d23h41m-07d04h41m:16,26,19,26
07d09h17m-07d13h17m:3,36,3,41
07d14h36m-07d17h36m:61,14,66,14
07d14h02m-07d19h02m:45,11,45,15
07d21h07m-08d01h07m:50,47,58,47
07d14h44m-07d16h44m:43,50,43,50
07d13h17m-07d19h17m:5,13,5,19
07d11h05m-07d14h05m:47,19,47,28
07d02h50m-07d08h50m:55,43,55,47
07d19h23m-07d23h23m:64,23,64,31
07d04h12m-07d09h12m:13,37,22,37
08d19h50m-08d21h50m:13,25,20,25
08d23h20m-09d02h20m:63,23,70,23
08d11h47m-08d13h47m:46,10,46,14
08d23h26m-09d01h26m:60,48,60,50
08d08h04m-08d10h04m:42,16,42,20
08d02h22m-08d05h22m:68,32,70,32
08d15h32m-08d19h32m:60,17,60,23
08d14h57m-08d17h57m:18,20,26,20
08d05h22m-08d07h22m:58,28,65,28
08d17h44m-08d20h44m:62,39,62,46
09d00h18m-09d02h18m:1,46,1,50
09d23h40m-10d02h40m:17,33,17,38
09d05h29m-09d11h29m:4,33,9,33
09d08h42m-09d14h42m:47,39,53,39
09d00h11m-09d03h11m:9,1,19,1
09d13h05m-09d17h05m:65,18,70,18
09d04h43m-09d09h43m:40,32,43,32
09d05h23m-09d10h23m:35,21,45,21
09d02h46m-09d05h46m:70,15,70,15
09d04h29m-09d08h29m:23,24,23,28
10d07h16m-10d12h16m:35,22,41,22
10d13h00m-10d15h00m:67,35,70,35
10d22h44m-11d04h44m:40,1,40,11
10d02h45m-10d08h45m:17,11,25,11
10d12h59m-10d16h59m:10,27,10,30
10d16h08m-10d21h08m:16,45,16,50
10d16h33m-10d18h33m:66,23,66,30
10d06h02m-10d11h02m:38,14,42,14
10d17h52m-10d23h52m:6,30,6,34
10d00h36m-10d05h36m:8,48,8,50
11d11h30m-11d15h30m:0,7,0,13
11d05h40m-11d07h40m:62,31,68,31
11d09h50m-11d13h50m:20,44,20,50
11d02h31m-11d05h31m:59,17,69,17
11d04h23m-11d07h23m:11,8,11,18
11d01h13m-11d04h13m:21,39,29,39
11d12h57m-11d14h57m:20,26,28,26
11d04h50m-11d06h50m:47,3,50,3
11d15h53m-11d20h53m:16,33,16,38
11d20h06m-11d22h06m:16,39,16,48
12d14h24m-12d20h24m:43,39,53,39
12d19h28m-12d22h28m:15,1,15,5
12d20h44m-12d22h44m:37,28,37,37
12d22h11m-13d02h11m:18,24,18,28
12d09h15m-12d11h15m:65,21,65,31
12d05h41m-12d10h41m:63,1,63,11
12d14h21m-12d18h21m:8,11,8,21
12d10h10m-12d13h10m:48,20,55,20
12d14h52m-12d16h52m:28,40,31,40
12d12h33m-12d14h33m:32,45,39,45
13d05h55m-13d09h55m:4,4,4,12
13d11h58m-13d17h58m:12,40,12,50
13d08h01m-13d14h01m:67,37,67,41
13d04h29m-13d08h29m:64,1,64,10
13d22h40m-14d01h40m:16,12,16,16
13d19h27m-13d23h27m:48,2,55,2
13d15h58m-13d17h58m:39,26,39,34
13d23h55m-14d05h55m:11,26,11,29
13d09h03m-13d15h03m:15,13,24,13
13d02h11m-13d06h11m:66,43,66,50
14d14h14m-14d16h14m:32,30,39,30
14d23h53m-15d01h53m:21,40,21,45
14d03h50m-14d06h50m:6,34,10,34
14d22h44m-15d01h44m:23,13,30,13
14d05h21m-14d08h21m:48,4,48,8
14d00h13m-14d02h13m:59,33,63,33
14d07h16m-14d13h16m:64,36,69,36
14d05h12m-14d08h12m:33,14,42,14
14d13h10m-14d16h10m:44,42,44,46
14d12h24m-14d18h24m:5,38,5,43
15d09h55m-15d14h55m:4,9,14,9
15d20h59m-15d22h59m:8,44,11,44
15d15h29m-15d20h29m:40,15,49,15
15d17h42m-15d20h42m:9,11,15,11
15d16h06m-15d18h06m:15,34,23,34
15d04h37m-15d10h37m:41,15,41,22
15d22h36m-16d01h36m:37,3,37,12
15d07h07m-15d13h07m:12,11,12,16
15d03h55m-15d08h55m:16,43,16,48
15d07h05m-15d09h05m:51,5,58,5
16d20h09m-16d22h09m:38,47,48,47
16d04h22m-16d06h22m:29,10,34,10
16d21h44m-17d01h44m:44,36,44,44
16d10h11m-16d13h11m:50,0,50,3
16d05h56m-16d09h56m:10,34,18,34
16d18h24m-17d00h24m:28,13,36,13
16d17h04m-16d21h04m:15,50,15,50
16d16h39m-16d22h39m:22,36,32,36
16d19h48m-17d01h48m:61,48,61,50
16d18h20m-16d21h20m:1,16,1,23
17d03h26m-17d09h26m:23,3,23,8
17d04h55m-17d07h55m:12,25,20,25
17d04h26m-17d08h26m:50,36,50,44
17d04h55m-17d07h55m:59,26,66,26
17d21h59m-17d23h59m:70,40,70,50
17d19h08m-17d21h08m:11,6,11,16
17d03h11m-17d07h11m:2,13,2,17
17d16h56m-17d19h56m:13,39,20,39
17d12h26m-17d17h26m:28,3,36,3
17d05h30m-17d10h30m:16,2,16,6
18d02h48m-18d05h48m:50,15,58,15
18d11h44m-18d16h44m:32,25,42,25
18d02h26m-18d06h26m:48,49,57,49
18d06h23m-18d09h23m:1,25,1,32
18d21h24m-19d00h24m:37,29,46,29
18d08h09m-18d10h09m:30,1,34,1
18d04h33m-18d09h33m:25,44,35,44
18d16h20m-18d21h20m:49,47,56,47
18d18h51m-18d22h51m:36,41,36,50
18d20h58m-19d00h58m:27,24,36,24
19d01h26m-19d07h26m:42,2,50,2
19d01h45m-19d07h45m:10,21,17,21
19d07h44m-19d11h44m:22,39,29,39
19d01h35m-19d05h35m:20,25,25,25
19d00h38m-19d02h38m:7,32,13,32
19d00h43m-19d04h43m:35,40,38,40
19d12h14m-19d14h14m:0,0,0,6
19d09h56m-19d15h56m:46,45,55,45
19d11h49m-19d17h49m:52,46,59,46
19d18h56m-20d00h56m:16,25,16,35
20d17h01m-20d20h01m:44,25,44,30
20d10h34m-20d16h34m:41,1,44,1
20d15h41m-20d20h41m:2,20,7,20
20d12h07m-20d16h07m:23,11,23,21
20d17h17m-20d23h17m:13,36,22,36
20d05h03m-20d07h03m:8,15,17,15
20d17h24m-20d20h24m:66,48,66,50
20d16h11m-20d20h11m:45,32,45,35
20d10h47m-20d16h47m:14,13,21,13
20d22h17m-21d02h17m:0,37,0,46
21d20h25m-22d01h25m:30,3,30,12
21d04h48m-21d07h48m:36,17,43,17
21d06h58m-21d09h58m:37,13,44,13
21d08h09m-21d14h09m:21,50,31,50
21d00h53m-21d06h53m:1,37,7,37
21d18h28m-21d21h28m:5,8,5,16
21d17h46m-21d20h46m:34,49,34,50
21d22h50m-22d02h50m:8,0,8,10
21d22h21m-22d04h21m:25,6,34,6
21d21h01m-22d01h01m:46,26,46,33
22d11h21m-22d15h21m:60,1,60,8
22d16h18m-22d20h18m:30,44,34,44
22d03h41m-22d06h41m:16,30,16,37
22d06h24m-22d12h24m:16,43,16,50
22d10h42m-22d16h42m:51,14,51,17
22d11h43m-22d17h43m:38,3,38,8
22d02h53m-22d07h53m:15,22,15,30
22d15h34m-22d18h34m:64,30,64,36
22d11h59m-22d13h59m:11,44,16,44
22d12h42m-22d17h42m:30,30,34,30
23d12h47m-23d14h47m:40,25,40,32
23d17h43m-23d23h43m:70,1,70,5
23d18h48m-23d23h48m:16,32,16,39
23d16h06m-23d18h06m:31,3,31,6
23d09h33m-23d11h33m:24,44,34,44
23d16h51m-23d19h51m:35,42,44,42
23d22h54m-24d04h54m:37,0,41,0
23d22h40m-24d03h40m:69,43,69,46
23d15h09m-23d18h09m:29,22,29,30
23d02h10m-23d05h10m:27,23,27,26
24d20h10m-25d01h10m:51,31,51,39
24d11h59m-24d13h59m:41,13,48,13
24d15h12m-24d20h12m:40,6,43,6
24d14h18m-24d19h18m:36,40,36,46
24d21h22m-25d02h22m:51,44,57,44
24d03h48m-24d09h48m:58,1,58,8
24d20h13m-24d22h13m:60,26,60,31
24d16h39m-24d21h39m:35,0,35,10
24d16h51m-24d20h51m:48,1,53,1
24d03h05m-24d09h05m:16,16,16,24
25d08h09m-25d11h09m:21,9,21,15
25d03h47m-25d05h47m:56,36,56,41
25d18h46m-26d00h46m:36,6,46,6
25d15h00m-25d18h00m:6,41,12,41
25d21h21m-26d03h21m:32,14,36,14
25d05h34m-25d08h34m:25,44,25,48
25d15h10m-25d20h10m:31,47,31,50
25d00h36m-25d03h36m:51,31,59,31
25d18h52m-25d22h52m:58,7,65,7
25d04h06m-25d06h06m:66,16,69,16
26d22h14m-27d03h14m:35,35,35,41
26d17h05m-26d19h05m:22,13,30,13
26d05h01m-26d08h01m:49,19,58,19
26d14h07m-26d18h07m:7,20,7,29
26d13h26m-26d16h26m:6,19,6,26
26d11h27m-26d14h27m:35,6,35,16
26d01h33m-26d03h33m:58,49,58,50
26d09h30m-26d11h30m:52,0,57,0
26d13h50m-26d18h50m:65,25,65,28
26d06h35m-26d12h35m:20,6,20,16
27d13h08m-27d17h08m:42,9,46,9
27d06h25m-27d08h25m:7,34,7,38
27d11h04m-27d15h04m:50,1,60,1
27d12h11m-27d16h11m:28,28,35,28
27d04h47m-27d09h47m:18,50,24,50
27d15h19m-27d19h19m:11,43,11,50
27d00h41m-27d05h41m:16,50,23,50
27d02h24m-27d08h24m:47,16,54,16
27d07h38m-27d13h38m:55,41,55,47
27d08h27m-27d10h27m:11,33,14,33
28d09h34m-28d12h34m:7,50,7,50
28d09h41m-28d13h41m:61,12,61,20
28d06h46m-28d11h46m:0,5,6,5
28d02h28m-28d04h28m:6,48,15,48
28d02h09m-28d04h09m:33,40,33,43
28d00h32m-28d03h32m:54,24,54,28
28d09h06m-28d14h06m:30,26,30,30
28d06h13m-28d12h13m:14,28,17,28
28d22h13m-29d03h13m:0,2,0,11
28d10h55m-28d15h55m:3,28,9,28
29d03h16m-29d08h16m:66,21,66,24
29d14h49m-29d18h49m:62,15,62,22
29d23h48m-30d02h48m:49,39,49,42
29d03h23m-29d09h23m:27,3,27,12
29d01h52m-29d06h52m:63,39,70,39
29d01h42m-29d04h42m:65,19,65,23
29d14h15m-29d17h15m:55,47,58,47
29d08h55m-29d14h55m:5,48,5,50
29d11h27m-29d13h27m:4,21,4,26
29d21h01m-30d01h01m:7,39,7,43
30d01h17m-30d05h17m:1,22,9,22
30d01h03m-30d04h03m:52,30,61,30
30d08h39m-30d13h39m:64,4,64,10
30d07h56m-30d09h56m:38,17,42,17
30d13h43m-30d15h43m:64,24,70,24
30d06h23m-30d09h23m:46,1,54,1
30d09h15m-30d14h15m:22,9,22,16
30d13h26m-30d16h26m:39,40,39,43
30d18h37m-30d21h37m:65,33,70,33
30d09h08m-30d14h08m:43,27,43,34
