01d11h48m-01d14h48m:60,43,60,47
01d10h30m-01d12h30m:12,5,12,11
01d20h20m-01d22h20m:66,45,66,50
01d11h07m-01d16h07m:4,30,12,30
01d17h46m-01d19h46m:0,14,0,23
01d23h35m-02d02h35m:3,42,3,49
01d02h15m-01d08h15m:23,26,28,26
01d15h17m-01d18h17m:41,50,41,50
01d23h15m-02d05h15m:18,29,25,29
01d00h17m-01d06h17m:43,25,43,34
02d09h12m-02d14h12m:47,10,55,10
02d00h37m-02d05h37m:50,27,50,32
02d18h47m-03d00h47m:48,48,53,48
02d03h24m-02d06h24m:69,50,69,50
02d05h34m-02d10h34m:47,45,47,50
02d16h58m-02d21h58m:59,1,59,7
02d16h59m-02d18h59m:43,31,53,31
02d16h46m-02d21h46m:5,47,15,47
02d18h48m-02d23h48m:41,48,41,50
02d18h38m-02d21h38m:15,18,15,26
03d11h56m-03d14h56m:12,2,12,9
03d06h29m-03d12h29m:55,30,58,30
03d11h31m-03d16h31m:1,33,6,33
03d21h40m-03d23h40m:70,0,70,8
03d23h31m-04d04h31m:8,47,15,47
03d16h58m-03d20h58m:62,50,70,50
03d17h55m-03d22h55m:49,25,53,25
03d22h49m-04d03h49m:4,10,10,10
03d00h49m-03d06h49m:13,18,21,18
03d04h31m-03d09h31m:36,45,42,45
04d14h16m-04d17h16m:6,40,6,43
04d21h57m-05d01h57m:38,7,38,17
04d08h19m-04d10h19m:0,24,7,24
04d04h48m-04d07h48m:44,34,44,44
04d04h41m-04d10h41m:21,12,24,12
04d00h10m-04d03h10m:4,11,10,11
04d14h38m-04d20h38m:45,50,45,50
04d12h52m-04d17h52m:34,49,34,50
04d04h43m-04d09h43m:3,18,7,18
04d05h38m-04d11h38m:2,25,2,30
05d18h26m-05d23h26m:70,15,70,15
05d12h59m-05d14h59m:67,45,67,49
05d10h17m-05d16h17m:58,22,58,30
05d23h32m-06d05h32m:65,9,65,17
05d05h45m-05d11h45m:45,10,51,10
05d10h40m-05d16h40m:54,18,54,27
05d10h35m-05d16h35m:28,23,38,23
05d20h47m-06d01h47m:56,9,56,16
05d21h27m-06d00h27m:65,28,65,34
05d09h11m-05d15h11m:49,32,49,37
06d19h30m-06d22h30m:11,31,11,41
06d20h43m-06d22h43m:3,44,12,44
06d12h59m-06d17h59m:29,5,34,5
06d20h15m-07d01h15m:42,7,42,11
06d08h57m-06d10h57m:26,20,30,20
06d06h37m-06d10h37m:42,20,42,25
06d18h36m-06d20h36m:17,42,22,42
06d21h20m-06d23h20m:22,33,27,33
06d16h37m-06d22h37m:39,46,39,50
06d09h06m-06d14h06m:26,4,33,4
07d07h55m-07d11h55m:0,44,9,44
07d05h48m-07d08h48m:16,21,16,28
07d11h00m-07d16h00m:43,25,43,33
07d21h54m-08d03h54m:2,9,2,18
07d05h09m-07d08h09m:20,30,20,36
07d18h09m-07d20h09m:7,40,7,50
07d03h28m-07d05h28m:0,30,6,30
07d02h21m-07d04h21m:3,25,3,30
07d12h16m-07d18h16m:16,24,23,24
07d14h43m-07d18h43m:68,44,70,44
08d16h11m-08d21h11m:24,1,24,11
08d13h52m-08d18h52m:3,31,8,31
08d10h04m-08d12h04m:38,16,46,16
08d13h09m-08d17h09m:9,30,17,30
08d16h03m-08d20h03m:51,22,51,27
08d19h53m-08d23h53m:42,39,42,45
08d22h51m-09d04h51m:23,48,23,50
08d06h54m-08d09h54m:10,7,19,7
08d15h03m-08d21h03m:47,17,57,17
08d20h09m-08d22h09m:53,15,62,15
09d22h37m-10d04h37m:58,21,58,28
09d19h35m-10d01h35m:67,21,67,25
09d19h04m-09d23h04m:26,46,26,50
09d05h26m-09d10h26m:50,12,60,12
09d19h01m-09d22h01m:0,40,7,40
09d02h59m-09d08h59m:34,7,38,7
09d22h46m-10d00h46m:68,4,70,4
09d15h22m-09d17h22m:65,29,65,34
09d15h07m-09d21h07m:34,19,34,28
09d00h50m-09d03h50m:31,14,31,18
10d06h29m-10d08h29m:10,23,13,23
10d14h51m-10d17h51m:40,27,45,27
10d01h52m-10d05h52m:42,47,42,50
10d10h53m-10d12h53m:52,30,59,30
10d11h32m-10d16h32m:17,44,17,50
10d14h30m-10d16h30m:54,27,54,36
10d05h35m-10d07h35m:38,46,43,46
10d07h51m-10d09h51m:9,10,18,10
10d18h33m-11d00h33m:36,19,44,19
10d09h56m-10d14h56m:50,41,50,46
11d14h53m-11d17h53m:39,31,39,38
11d02h07m-11d07h07m:41,22,41,30
11d18h32m-11d21h32m:5,20,15,20
11d16h56m-11d19h56m:18,41,25,41
11d15h52m-11d21h52m:34,28,41,28
11d00h11m-11d05h11m:21,45,21,50
11d19h39m-12d01h39m:62,14,67,14
11d13h49m-11d16h49m:28,20,28,30
11d22h02m-12d04h02m:9,41,19,41
11d13h49m-11d18h49m:49,25,52,25
12d15h21m-12d20h21m:3,16,13,16
12d19h55m-12d22h55m:22,49,25,49
12d00h37m-12d06h37m:37,2,37,9
12d16h16m-12d22h16m:30,23,30,27
12d18h58m-13d00h58m:2,34,10,34
12d12h18m-12d14h18m:55,47,61,47
12d04h23m-12d09h23m:2,26,9,26
12d00h26m-12d02h26m:19,0,19,4
12d01h51m-12d03h51m:37,10,46,10
12d01h00m-12d04h00m:18,13,21,13
13d13h10m-13d16h10m:47,49,56,49
13d02h50m-13d05h50m:1,8,1,18
13d21h57m-14d01h57m:58,12,65,12
13d13h34m-13d15h34m:28,31,28,34
13d04h20m-13d09h20m:41,33,49,33
13d15h38m-13d20h38m:39,8,39,11
13d01h54m-13d07h54m:34,24,34,34
13d12h54m-13d16h54m:66,31,70,31
13d11h22m-13d13h22m:55,45,65,45
13d10h05m-13d16h05m:34,6,34,16
14d19h41m-14d21h41m:16,17,20,17
14d10h20m-14d15h20m:35,27,43,27
14d05h35m-14d10h35m:28,4,28,14
14d18h40m-15d00h40m:40,42,40,48
14d16h25m-14d22h25m:8,1,13,1
14d20h51m-15d02h51m:27,26,37,26
14d03h45m-14d08h45m:45,6,49,6
14d04h28m-14d07h28m:27,44,27,48
14d11h45m-14d15h45m:11,8,11,17
14d18h48m-14d20h48m:46,10,53,10
15d08h26m-15d14h26m:18,39,23,39
15d10h24m-15d12h24m:31,28,31,35
15d23h23m-16d03h23m:67,46,70,46
15d12h01m-15d15h01m:59,39,63,39
15d00h27m-15d04h27m:29,39,29,44
15d19h06m-16d00h06m:21,47,21,50
15d09h27m-15d14h27m:43,38,43,43
15d22h06m-16d03h06m:64,42,64,50
15d14h42m-15d19h42m:48,0,48,10
15d11h58m-15d16h58m:5,44,9,44
16d00h48m-16d04h48m:37,48,37,50
16d23h37m-17d01h37m:26,28,26,36
16d21h10m-17d03h10m:59,32,63,32
16d01h15m-16d05h15m:12,29,12,36
16d11h53m-16d14h53m:21,28,21,31
16d07h04m-16d13h04m:2,8,2,14
16d20h56m-17d01h56m:19,40,26,40
16d16h44m-16d18h44m:14,12,14,21
16d18h56m-17d00h56m:9,13,17,13
16d22h00m-17d04h00m:45,3,45,10
17d20h35m-18d02h35m:59,16,67,16
17d05h23m-17d08h23m:34,50,39,50
17d07h57m-17d11h57m:41,7,44,7
17d01h39m-17d03h39m:41,3,41,9
17d01h15m-17d06h15m:4,6,12,6
17d01h34m-17d07h34m:23,23,26,23
17d02h25m-17d07h25m:33,0,42,0
17d22h02m-18d02h02m:61,15,66,15
17d21h05m-18d01h05m:59,34,59,41
17d01h41m-17d04h41m:70,41,70,44
18d07h54m-18d11h54m:61,17,67,17
18d23h06m-19d04h06m:55,21,55,30
18d22h03m-19d03h03m:30,6,39,6
18d19h37m-18d21h37m:66,32,70,32
18d14h04m-18d20h04m:59,20,67,20
18d17h13m-18d23h13m:8,42,8,50
18d20h30m-18d22h30m:63,25,63,32
18d19h00m-18d21h00m:28,12,37,12
18d19h53m-19d00h53m:30,7,38,7
18d23h04m-19d04h04m:21,22,21,30
19d00h55m-19d05h55m:67,7,70,7
19d14h06m-19d16h06m:7,50,16,50
19d10h01m-19d16h01m:55,42,55,48
19d04h49m-19d06h49m:5,48,5,50
19d02h52m-19d07h52m:16,5,20,5
19d04h37m-19d08h37m:4,10,4,13
19d12h32m-19d15h32m:42,36,51,36
19d10h17m-19d16h17m:2,0,2,5
19d03h43m-19d07h43m:45,34,55,34
19d09h54m-19d14h54m:66,21,66,28
20d03h57m-20d09h57m:22,30,27,30
20d10h54m-20d15h54m:4,27,13,27
20d08h41m-20d10h41m:39,1,39,6
20d00h10m-20d05h10m:8,23,12,23
20d03h04m-20d05h04m:58,35,58,44
20d11h04m-20d14h04m:28,7,37,7
20d05h05m-20d07h05m:30,45,36,45
20d13h45m-20d18h45m:4,18,4,24
20d19h14m-21d01h14m:53,7,53,17
20d12h27m-20d15h27m:51,11,57,11
21d18h13m-21d23h13m:34,10,34,13
21d05h11m-21d09h11m:50,9,57,9
21d18h47m-21d23h47m:41,22,41,26
21d12h50m-21d17h50m:13,26,13,34
21d03h42m-21d09h42m:47,45,51,45
21d15h49m-21d21h49m:57,33,57,43
21d21h02m-22d00h02m:52,41,58,41
21d02h59m-21d07h59m:68,3,70,3
21d20h16m-21d22h16m:55,43,55,47
21d04h16m-21d06h16m:18,20,22,20
22d17h10m-22d23h10m:48,0,48,10
22d08h16m-22d13h16m:39,1,42,1
22d07h18m-22d11h18m:59,42,65,42
22d06h19m-22d12h19m:25,35,25,42
22d02h49m-22d05h49m:41,40,41,46
22d05h55m-22d11h55m:23,43,23,50
22d03h04m-22d07h04m:56,13,56,20
22d02h15m-22d06h15m:62,7,62,15
22d15h55m-22d21h55m:67,49,70,49
22d13h36m-22d19h36m:62,41,68,41
23d01h43m-23d03h43m:32,26,40,26
23d20h14m-24d01h14m:17,4,17,7
23d23h38m-24d04h38m:65,46,70,46
23d01h58m-23d06h58m:49,0,56,0
23d05h33m-23d08h33m:6,31,11,31
23d23h13m-24d03h13m:3,3,3,13
23d00h14m-23d04h14m:31,19,41,19
23d10h52m-23d13h52m:28,42,36,42
23d07h29m-23d13h29m:11,15,11,21
23d07h44m-23d12h44m:31,13,40,13
24d06h34m-24d12h34m:14,27,22,27
24d03h18m-24d07h18m:50,15,54,15
24d01h04m-24d04h04m:1,36,10,36
24d17h38m-24d20h38m:67,14,70,14
24d14h00m-24d18h00m:13,42,16,42
24d02h24m-24d05h24m:3,17,12,17
24d08h19m-24d13h19m:32,35,32,41
24d07h35m-24d11h35m:55,38,65,38
24d12h46m-24d15h46m:36,44,36,49
24d15h12m-24d21h12m:23,10,23,13
25d10h54m-25d16h54m:6,27,6,30
25d00h59m-25d05h59m:20,44,20,49
25d05h34m-25d09h34m:39,48,39,50
25d20h24m-26d01h24m:33,34,41,34
25d18h22m-25d23h22m:56,15,64,15
25d20h37m-26d00h37m:55,36,62,36
25d21h20m-26d02h20m:37,10,44,10
25d16h16m-25d19h16m:21,23,21,33
25d09h29m-25d13h29m:23,21,33,21
25d10h42m-25d13h42m:39,41,44,41
26d19h53m-26d21h53m:19,19,19,29
26d18h06m-26d20h06m:67,2,67,10
26d13h52m-26d19h52m:31,20,38,20
26d21h01m-26d23h01m:64,33,64,41
26d13h27m-26d15h27m:13,26,13,29
26d02h08m-26d08h08m:18,50,24,50
26d20h47m-27d01h47m:22,37,25,37
26d20h42m-26d22h42m:60,0,66,0
26d09h05m-26d15h05m:37,0,42,0
26d17h35m-26d20h35m:67,0,67,5
27d18h34m-27d23h34m:62,50,62,50
27d05h56m-27d09h56m:26,28,26,37
27d02h49m-27d04h49m:55,49,55,50
27d05h16m-27d07h16m:41,1,51,1
27d13h20m-27d18h20m:66,49,66,50
27d13h57m-27d15h57m:26,33,32,33
27d22h20m-28d00h20m:14,18,22,18
27d17h57m-27d20h57m:70,49,70,50
27d18h50m-27d23h50m:70,3,70,11
27d22h05m-28d02h05m:11,45,11,50
28d20h15m-29d02h15m:47,44,53,44
28d00h32m-28d02h32m:69,7,69,17
28d05h15m-28d07h15m:32,11,32,18
28d23h04m-29d04h04m:68,48,68,50
28d20h18m-29d00h18m:44,35,49,35
28d14h05m-28d19h05m:33,8,36,8
28d06h24m-28d12h24m:0,41,7,41
28d13h47m-28d15h47m:45,42,45,49
28d09h36m-28d11h36m:62,3,62,10
28d14h31m-28d16h31m:66,33,70,33
29d09h20m-29d13h20m:24,32,24,42
29d19h50m-30d00h50m:10,50,17,50
29d04h11m-29d07h11m:11,39,15,39
29d12h34m-29d18h34m:18,9,21,9
29d02h19m-29d07h19m:59,28,59,33
29d02h10m-29d04h10m:13,9,20,9
29d05h55m-29d10h55m:53,15,58,15
29d04h29m-29d06h29m:1,18,9,18
29d02h06m-29d06h06m:20,35,20,41
29d08h34m-29d10h34m:58,34,58,37
30d12h31m-30d15h31m:51,29,59,29
30d22h40m-31d01h40m:25,15,35,15
30d13h16m-30d19h16m:13,23,13,32
30d21h09m-31d02h09m:67,30,67,34
30d06h56m-30d11h56m:27,23,34,23
30d05h01m-30d08h01m:11,6,11,9
30d20h53m-30d22h53m:40,48,48,48
30d03h45m-30d09h45m:54,16,60,16
30d18h44m-30d21h44m:12,5,20,5
30d00h17m-30d02h17m:13,1,13,4
