01d18h26m-01d22h26m:21,33,21,43
01d21h16m-02d01h16m:2,5,2,14
01d22h55m-02d02h55m:26,5,26,12
01d04h35m-01d10h35m:8,13,16,13
01d06h43m-01d09h43m:47,13,47,17
01d08h42m-01d11h42m:50,7,50,11
01d08h23m-01d10h23m:50,48,50,50
01d17h57m-01d19h57m:48,28,48,34
01d15h29m-01d20h29m:6,24,6,30
01d09h40m-01d14h40m:33,19,42,19
02d23h17m-03d04h17m:55,36,62,36
02d22h39m-03d03h39m:60,27,60,31
02d06h25m-02d12h25m:19,50,19,50
02d18h11m-02d21h11m:35,32,35,37
02d11h09m-02d14h09m:64,6,67,6
02d15h43m-02d18h43m:5,10,5,13
02d08h04m-02d11h04m:60,20,68,20
02d16h22m-02d20h22m:43,46,47,46
02d16h58m-02d21h58m:43,43,43,50
02d18h33m-02d20h33m:8,37,8,42
03d08h35m-03d12h35m:11,47,17,47
03d14h31m-03d19h31m:25,5,25,10
03d12h20m-03d16h20m:52,7,52,10
03d01h16m-03d04h16m:11,21,11,26
03d18h41m-04d00h41m:47,45,53,45
03d09h32m-03d14h32m:25,13,25,22
03d09h00m-03d15h00m:17,16,23,16
03d21h23m-04d01h23m:41,6,41,9
03d16h14m-03d21h14m:10,28,10,38
03d12h35m-03d14h35m:3,16,3,26
04d15h09m-04d20h09m:36,5,46,5
04d22h08m-05d00h08m:13,37,13,43
04d22h25m-05d02h25m:42,33,46,33
04d21h55m-05d01h55m:58,14,58,22
04d13h31m-04d16h31m:32,14,32,17
04d05h53m-04d07h53m:25,31,34,31
04d05h16m-04d09h16m:23,7,23,15
04d02h08m-04d08h08m:37,26,37,33
04d12h06m-04d15h06m:47,0,47,5
04d18h38m-04d22h38m:22,7,25,7
05d23h07m-06d01h07m:47,49,51,49
05d19h34m-06d00h34m:30,37,30,43
05d15h19m-05d17h19m:9,21,9,28
05d09h44m-05d11h44m:5,46,5,49
05d15h31m-05d19h31m:1,3,10,3
05d23h39m-06d01h39m:69,49,70,49
05d12h48m-05d14h48m:62,29,69,29
05d13h14m-05d15h14m:7,13,7,18
05d19h49m-06d00h49m:0,12,0,19
05d16h32m-05d18h32m:58,4,62,4
06d21h03m-07d00h03m:24,1,33,1
06d04h25m-06d06h25m:34,40,43,40
06d11h07m-06d13h07m:68,27,68,36
06d05h03m-06d09h03m:3,48,12,48
06d12h58m-06d16h58m:18,11,18,19
06d09h42m-06d11h42m:43,2,53,2
06d07h53m-06d10h53m:63,34,63,42
06d18h21m-07d00h21m:7,17,7,24
06d07h30m-06d11h30m:8,30,15,30
06d06h49m-06d09h49m:39,9,47,9
07d00h28m-07d05h28m:53,1,62,1
07d04h24m-07d06h24m:20,41,29,41
07d01h23m-07d07h23m:51,50,51,50
07d02h15m-07d07h15m:48,2,48,6
07d10h52m-07d14h52m:69,37,69,40
07d01h12m-07d04h12m:48,33,48,39
07d00h01m-07d06h01m:41,28,48,28
07d14h36m-07d20h36m:10,34,14,34
07d08h28m-07d11h28m:33,9,33,19
07d20h01m-08d02h01m:48,7,56,7
08d00h27m-08d06h27m:28,23,28,31
08d06h56m-08d08h56m:34,41,41,41
08d08h40m-08d14h40m:26,30,26,33
08d03h10m-08d09h10m:14,15,21,15
08d15h54m-08d21h54m:9,38,9,47
08d10h28m-08d13h28m:17,47,17,50
08d16h52m-08d21h52m:61,37,61,46
08d05h25m-08d11h25m:29,0,29,9
08d03h45m-08d08h45m:24,37,24,42
08d23h49m-09d01h49m:11,32,11,41
09d15h14m-09d18h14m:36,44,45,44
09d13h12m-09d19h12m:59,17,62,17
09d03h09m-09d05h09m:3,29,3,33
09d03h18m-09d08h18m:55,34,63,34
09d03h07m-09d09h07m:27,4,34,4
09d02h09m-09d07h09m:51,35,51,43
09d15h01m-09d18h01m:32,46,35,46
09d23h04m-10d02h04m:65,3,65,8
09d09h23m-09d13h23m:4,43,4,46
09d05h56m-09d07h56m:56,13,56,17
10d19h06m-10d22h06m:58,26,58,36
10d01h25m-10d06h25m:54,34,57,34
10d09h45m-10d14h45m:11,19,14,19
10d09h36m-10d12h36m:20,21,20,24
10d09h43m-10d11h43m:45,7,48,7
10d04h46m-10d07h46m:50,29,54,29
10d01h55m-10d03h55m:34,21,34,25
10d21h00m-11d01h00m:15,20,15,28
10d01h04m-10d03h04m:1,17,4,17
10d09h55m-10d14h55m:47,13,54,13
11d04h36m-11d08h36m:5,23,5,29
11d08h28m-11d14h28m:31,38,34,38
11d10h45m-11d16h45m:37,19,37,26
11d07h23m-11d13h23m:7,30,7,33
11d19h04m-11d22h04m:52,10,59,10
11d11h40m-11d13h40m:19,8,27,8
11d19h43m-11d22h43m:10,40,10,49
11d21h10m-12d02h10m:27,7,37,7
11d16h21m-11d18h21m:6,47,15,47
11d20h03m-11d23h03m:6,16,13,16
12d10h08m-12d12h08m:35,20,35,24
12d17h36m-12d21h36m:15,20,24,20
12d12h27m-12d17h27m:14,28,21,28
12d04h16m-12d08h16m:22,36,22,46
12d23h33m-13d03h33m:53,16,58,16
12d17h52m-12d23h52m:68,0,68,5
12d20h19m-13d02h19m:40,23,40,30
12d15h58m-12d19h58m:32,6,40,6
12d04h38m-12d06h38m:23,10,23,13
12d21h39m-13d00h39m:19,39,22,39
13d19h30m-14d00h30m:60,25,70,25
13d06h26m-13d08h26m:21,50,27,50
13d19h16m-14d00h16m:34,8,34,15
13d04h04m-13d08h04m:8,41,16,41
13d03h33m-13d09h33m:19,9,22,9
13d15h54m-13d17h54m:48,18,52,18
13d11h52m-13d15h52m:23,17,33,17
13d22h47m-14d02h47m:63,17,66,17
13d09h57m-13d15h57m:67,19,70,19
13d14h39m-13d19h39m:12,25,22,25
14d23h37m-15d01h37m:44,41,44,46
14d03h03m-14d08h03m:3,45,7,45
14d23h00m-15d02h00m:34,16,38,16
14d19h14m-14d23h14m:50,11,50,14
14d10h29m-14d16h29m:53,14,53,23
14d20h30m-14d22h30m:14,34,17,34
14d04h44m-14d07h44m:63,6,67,6
14d08h49m-14d10h49m:23,5,23,12
14d13h57m-14d15h57m:11,31,11,35
14d12h28m-14d15h28m:17,6,17,15
15d09h42m-15d11h42m:62,12,62,15
15d17h22m-15d19h22m:26,40,26,44
15d04h12m-15d06h12m:11,23,16,23
15d05h49m-15d11h49m:53,22,61,22
15d00h47m-15d03h47m:35,44,35,48
15d09h58m-15d12h58m:63,40,63,47
15d13h59m-15d19h59m:60,28,64,28
15d09h42m-15d11h42m:56,26,56,34
15d14h42m-15d16h42m:21,10,27,10
15d10h13m-15d12h13m:5,37,14,37
16d05h49m-16d08h49m:46,19,49,19
16d17h11m-16d23h11m:60,50,60,50
16d06h44m-16d09h44m:39,49,48,49
16d12h23m-16d14h23m:35,1,35,10
16d17h35m-16d20h35m:18,21,18,30
16d20h41m-16d22h41m:70,22,70,25
16d04h50m-16d07h50m:7,7,15,7
16d09h27m-16d15h27m:60,13,60,22
16d04h08m-16d10h08m:17,31,21,31
16d05h03m-16d09h03m:41,31,41,37
17d19h31m-18d00h31m:19,18,26,18
17d13h36m-17d19h36m:15,16,15,19
17d12h44m-17d16h44m:53,5,53,12
17d05h44m-17d09h44m:23,6,23,11
17d07h07m-17d10h07m:34,41,34,50
17d09h39m-17d14h39m:30,34,35,34
17d23h39m-18d03h39m:45,19,45,27
17d23h54m-18d01h54m:8,44,8,49
17d14h12m-17d20h12m:22,28,22,34
17d01h01m-17d06h01m:0,8,9,8
18d22h37m-19d00h37m:12,46,16,46
18d17h27m-18d21h27m:66,35,70,35
18d03h18m-18d06h18m:27,32,37,32
18d21h25m-18d23h25m:60,39,67,39
18d15h50m-18d21h50m:34,50,34,50
18d19h22m-18d22h22m:35,9,35,12
18d13h19m-18d16h19m:62,33,70,33
18d12h10m-18d15h10m:69,37,70,37
18d04h42m-18d10h42m:4,17,9,17
18d09h46m-18d15h46m:4,10,4,15
19d02h06m-19d05h06m:10,34,18,34
19d12h47m-19d18h47m:39,24,39,33
19d12h22m-19d16h22m:46,27,56,27
19d16h22m-19d18h22m:41,33,46,33
19d04h21m-19d09h21m:48,18,55,18
19d01h04m-19d03h04m:48,23,48,30
19d04h44m-19d06h44m:45,2,50,2
19d11h43m-19d16h43m:42,33,46,33
19d03h54m-19d05h54m:8,33,14,33
19d07h48m-19d10h48m:35,7,45,7
20d21h42m-21d02h42m:27,38,31,38
20d16h46m-20d18h46m:12,15,12,21
20d14h28m-20d17h28m:2,2,2,11
20d22h17m-21d03h17m:9,34,9,42
20d15h53m-20d17h53m:54,18,63,18
20d07h37m-20d11h37m:67,34,70,34
20d14h12m-20d16h12m:65,38,65,42
20d10h17m-20d12h17m:16,13,16,17
20d09h53m-20d12h53m:7,39,15,39
20d12h29m-20d15h29m:70,19,70,19
21d03h17m-21d06h17m:25,13,25,20
21d13h44m-21d18h44m:49,1,49,11
21d21h12m-22d00h12m:57,44,60,44
21d16h51m-21d21h51m:18,25,18,28
21d22h35m-22d04h35m:38,17,38,20
21d12h35m-21d14h35m:66,45,66,49
21d00h46m-21d05h46m:18,43,24,43
21d11h58m-21d15h58m:69,43,70,43
21d10h46m-21d12h46m:18,45,18,50
21d00h02m-21d04h02m:22,20,25,20
22d09h37m-22d15h37m:57,1,57,8
22d23h05m-23d03h05m:56,29,56,38
22d12h14m-22d18h14m:61,17,69,17
22d18h13m-22d23h13m:26,22,29,22
22d17h09m-22d22h09m:25,36,25,41
22d11h56m-22d16h56m:56,0,56,9
22d17h11m-22d20h11m:70,41,70,41
22d02h33m-22d08h33m:44,33,53,33
22d14h51m-22d16h51m:55,39,55,48
22d07h19m-22d13h19m:29,0,38,0
23d18h05m-23d22h05m:69,21,70,21
23d09h54m-23d12h54m:29,8,34,8
23d14h05m-23d18h05m:15,37,15,47
23d12h52m-23d18h52m:4,25,4,34
23d22h00m-24d02h00m:14,24,14,31
23d16h33m-23d22h33m:62,36,62,42
23d14h38m-23d18h38m:6,45,14,45
23d00h39m-23d03h39m:45,40,53,40
23d06h16m-23d09h16m:17,1,17,4
23d11h58m-23d16h58m:11,43,21,43
24d23h57m-25d02h57m:30,13,30,22
24d17h52m-24d19h52m:67,49,70,49
24d17h13m-24d22h13m:65,31,65,38
24d08h29m-24d14h29m:42,14,51,14
24d05h53m-24d07h53m:45,41,45,50
24d01h10m-24d06h10m:62,10,66,10
24d17h34m-24d22h34m:29,22,36,22
24d03h56m-24d08h56m:40,6,49,6
24d23h41m-25d01h41m:4,6,4,9
24d11h57m-24d15h57m:25,24,25,31
25d10h16m-25d15h16m:7,36,7,41
25d06h42m-25d10h42m:20,2,20,9
25d06h20m-25d10h20m:31,18,37,18
25d11h43m-25d14h43m:48,2,55,2
25d05h51m-25d07h51m:30,0,35,0
25d03h44m-25d06h44m:59,24,69,24
25d09h56m-25d13h56m:35,16,40,16
25d19h33m-26d00h33m:4,29,4,38
25d13h58m-25d19h58m:63,2,69,2
25d20h18m-26d01h18m:36,26,41,26
26d00h06m-26d02h06m:44,30,44,37
26d02h37m-26d04h37m:20,14,20,20
26d06h34m-26d10h34m:37,15,42,15
26d19h41m-26d21h41m:32,36,41,36
26d06h35m-26d10h35m:17,50,24,50
26d17h08m-26d19h08m:4,33,4,38
26d16h34m-26d21h34m:26,25,36,25
26d06h41m-26d08h41m:55,33,65,33
26d10h47m-26d15h47m:31,39,41,39
26d01h17m-26d06h17m:4,6,13,6
27d15h10m-27d21h10m:66,29,70,29
27d11h58m-27d16h58m:70,0,70,3
27d17h38m-27d21h38m:57,47,62,47
27d19h33m-27d21h33m:66,21,66,30
27d21h14m-27d23h14m:7,48,7,50
27d02h18m-27d08h18m:24,9,33,9
27d17h05m-27d22h05m:32,20,32,27
27d06h48m-27d10h48m:4,15,8,15
27d06h36m-27d12h36m:44,20,49,20
27d08h55m-27d14h55m:62,7,66,7
28d22h07m-29d02h07m:28,9,28,15
28d08h52m-28d10h52m:16,26,26,26
28d20h38m-29d02h38m:23,6,31,6
28d05h23m-28d09h23m:30,18,30,27
28d21h59m-29d03h59m:6,10,13,10
28d00h12m-28d05h12m:66,49,66,50
28d22h23m-29d00h23m:48,18,48,27
28d09h59m-28d13h59m:60,12,65,12
28d19h27m-29d00h27m:3,9,3,19
28d22h21m-29d04h21m:64,3,70,3
29d15h54m-29d20h54m:38,39,38,48
29d15h48m-29d20h48m:14,22,14,32
29d03h01m-29d07h01m:25,10,29,10
29d07h59m-29d11h59m:0,39,8,39
29d21h54m-30d02h54m:59,3,67,3
29d05h13m-29d10h13m:14,27,19,27
29d16h17m-29d20h17m:30,41,30,50
29d03h48m-29d09h48m:57,44,63,44
29d07h57m-29d12h57m:54,26,57,26
29d06h49m-29d10h49m:52,5,52,14
30d10h16m-30d13h16m:36,42,41,42
30d04h06m-30d06h06m:21,5,21,15
30d21h48m-31d03h48m:39,0,39,9
30d08h08m-30d12h08m:12,15,19,15
30d06h30m-30d11h30m:31,49,31,50
30d19h08m-31d01h08m:44,33,48,33
30d05h12m-30d09h12m:1,40,1,45
30d21h02m-31d01h02m:64,19,64,24
30d10h42m-30d13h42m:70,2,70,2
30d08h20m-30d11h20m:60,20,69,20
