01d19h29m-02d00h29m:49,36,49,43
01d09h04m-01d12h04m:7,34,7,38
01d07h38m-01d12h38m:48,33,51,33
01d00h44m-01d04h44m:2,14,11,14
01d00h50m-01d05h50m:62,45,70,45
01d09h00m-01d14h00m:59,32,59,38
01d02h37m-01d06h37m:46,31,46,39
01d22h33m-02d02h33m:13,10,22,10
01d17h20m-01d19h20m:45,39,45,44
01d08h12m-01d13h12m:37,26,37,29
02d17h45m-02d19h45m:15,42,15,48
02d14h53m-02d16h53m:58,27,58,33
02d03h29m-02d07h29m:70,49,70,50
02d02h25m-02d08h25m:21,34,24,34
02d16h07m-02d20h07m:32,47,38,47
02d21h10m-03d01h10m:6,5,6,12
02d01h22m-02d06h22m:51,36,60,36
02d17h25m-02d20h25m:50,44,53,44
02d03h23m-02d05h23m:63,50,63,50
02d18h52m-03d00h52m:58,19,65,19
03d21h00m-03d23h00m:41,32,51,32
03d00h14m-03d05h14m:64,40,64,50
03d21h22m-04d01h22m:1,36,1,42
03d19h45m-03d22h45m:29,11,39,11
03d05h38m-03d08h38m:7,24,13,24
03d20h43m-04d02h43m:53,49,58,49
03d08h19m-03d14h19m:62,50,68,50
03d05h53m-03d07h53m:1,15,1,22
03d22h08m-04d03h08m:16,2,25,2
03d19h16m-03d22h16m:11,15,21,15
04d16h32m-04d18h32m:14,4,24,4
04d16h33m-04d19h33m:15,5,15,12
04d09h48m-04d12h48m:18,50,27,50
04d19h09m-04d23h09m:63,23,69,23
04d22h28m-05d01h28m:1,3,1,9
04d08h35m-04d13h35m:48,38,55,38
04d08h07m-04d11h07m:66,44,66,50
04d21h22m-05d01h22m:56,25,56,30
04d21h09m-05d00h09m:47,49,50,49
04d17h19m-04d19h19m:67,31,70,31
05d07h55m-05d11h55m:33,15,33,23
05d12h43m-05d15h43m:0,48,0,50
05d18h42m-06d00h42m:47,44,53,44
05d15h21m-05d17h21m:44,30,44,39
05d03h41m-05d07h41m:62,14,70,14
05d18h32m-05d23h32m:1,27,1,30
05d03h33m-05d09h33m:67,19,67,26
05d03h45m-05d07h45m:45,23,45,31
05d01h31m-05d06h31m:68,7,68,17
05d17h25m-05d20h25m:21,31,26,31
06d17h53m-06d19h53m:6,14,9,14
06d14h36m-06d16h36m:20,23,25,23
06d21h17m-07d01h17m:22,48,22,50
06d23h49m-07d03h49m:69,35,70,35
06d22h11m-07d01h11m:64,1,64,4
06d03h27m-06d08h27m:35,36,45,36
06d23h34m-07d04h34m:8,7,12,7
06d04h57m-06d07h57m:0,2,0,6
06d21h40m-07d02h40m:26,2,26,5
06d10h43m-06d14h43m:35,3,35,11
07d04h35m-07d09h35m:32,28,32,32
07d14h33m-07d19h33m:38,9,47,9
07d12h52m-07d17h52m:25,6,30,6
07d09h52m-07d12h52m:36,13,45,13
07d23h22m-08d05h22m:22,20,30,20
07d03h35m-07d08h35m:35,18,41,18
07d12h30m-07d14h30m:20,10,30,10
07d11h49m-07d15h49m:21,0,27,0
07d22h35m-08d04h35m:38,19,45,19
07d22h58m-08d03h58m:37,43,43,43
08d10h33m-08d12h33m:25,44,31,44
08d04h12m-08d10h12m:11,0,11,4
08d11h28m-08d16h28m:55,8,63,8
08d17h36m-08d20h36m:7,2,7,6
08d19h16m-08d22h16m:58,0,58,10
08d07h54m-08d12h54m:11,35,14,35
08d01h19m-08d07h19m:34,34,38,34
08d14h41m-08d20h41m:44,13,50,13
08d20h55m-09d02h55m:16,45,24,45
08d12h59m-08d14h59m:32,24,32,34
09d23h34m-10d02h34m:20,19,20,25
09d18h42m-09d20h42m:54,14,54,18
09d18h00m-10d00h00m:30,2,30,5
09d19h52m-09d22h52m:54,10,54,15
09d17h48m-09d23h48m:23,23,23,30
09d16h38m-09d21h38m:0,15,0,25
09d03h46m-09d05h46m:33,23,38,23
09d01h56m-09d06h56m:52,8,52,15
09d22h45m-10d04h45m:17,18,26,18
09d10h04m-09d15h04m:56,18,56,24
10d14h38m-10d20h38m:19,19,19,23
10d19h37m-10d21h37m:0,18,5,18
10d00h13m-10d04h13m:46,28,46,36
10d02h55m-10d05h55m:4,2,4,5
10d13h16m-10d15h16m:17,28,17,38
10d05h02m-10d10h02m:54,39,57,39
10d05h46m-10d08h46m:57,1,57,11
10d08h47m-10d12h47m:53,19,61,19
10d13h29m-10d19h29m:18,6,26,6
10d01h23m-10d03h23m:22,47,22,50
11d18h05m-11d21h05m:42,10,50,10
11d03h40m-11d09h40m:51,30,51,34
11d15h06m-11d21h06m:70,45,70,45
11d19h29m-11d23h29m:61,46,70,46
11d17h53m-11d19h53m:52,37,52,41
11d11h06m-11d17h06m:67,33,67,43
11d02h22m-11d08h22m:62,44,62,50
11d06h53m-11d09h53m:61,17,61,24
11d02h16m-11d07h16m:34,19,34,23
11d22h52m-12d04h52m:37,35,37,42
12d15h58m-12d20h58m:52,6,52,13
12d06h45m-12d08h45m:29,28,39,28
12d17h55m-12d21h55m:9,12,14,12
12d04h13m-12d09h13m:38,37,38,40
12d06h23m-12d11h23m:16,27,21,27
12d09h36m-12d13h36m:54,48,59,48
12d15h22m-12d21h22m:65,8,65,16
12d12h48m-12d15h48m:41,10,49,10
12d16h13m-12d22h13m:55,28,55,38
12d07h44m-12d12h44m:65,48,65,50
13d07h59m-13d10h59m:25,17,25,26
13d00h22m-13d04h22m:49,23,49,28
13d21h52m-14d01h52m:7,46,10,46
13d16h34m-13d22h34m:14,30,14,38
13d03h10m-13d07h10m:23,20,23,23
13d20h06m-13d23h06m:27,47,34,47
13d17h46m-13d20h46m:19,31,26,31
13d22h52m-14d00h52m:16,21,24,21
13d10h53m-13d15h53m:31,11,31,16
13d09h41m-13d14h41m:49,13,56,13
14d19h01m-15d00h01m:2,23,2,27
14d17h48m-14d22h48m:1,45,10,45
14d01h02m-14d03h02m:53,23,59,23
14d11h27m-14d17h27m:37,8,37,13
14d02h47m-14d07h47m:68,7,68,14
14d17h18m-14d22h18m:24,31,24,34
14d20h11m-15d01h11m:29,43,37,43
14d19h54m-14d23h54m:1,10,9,10
14d02h09m-14d06h09m:42,33,42,36
14d05h57m-14d10h57m:64,45,70,45
15d11h52m-15d17h52m:39,3,39,9
15d10h33m-15d15h33m:51,8,54,8
15d02h02m-15d08h02m:40,1,40,4
15d07h58m-15d11h58m:39,34,43,34
15d04h52m-15d06h52m:50,49,60,49
15d17h09m-15d21h09m:29,19,37,19
15d00h39m-15d03h39m:49,29,54,29
15d10h27m-15d14h27m:70,29,70,29
15d09h43m-15d12h43m:53,31,53,40
15d08h04m-15d14h04m:9,7,9,11
16d08h21m-16d11h21m:38,43,38,50
16d07h33m-16d10h33m:7,22,17,22
16d11h47m-16d14h47m:55,50,55,50
16d21h40m-17d02h40m:18,14,23,14
16d07h39m-16d13h39m:31,13,39,13
16d03h44m-16d06h44m:28,7,28,13
16d04h21m-16d08h21m:0,12,0,19
16d20h48m-16d23h48m:21,18,21,26
16d15h08m-16d19h08m:13,27,17,27
16d05h45m-16d08h45m:44,16,54,16
17d07h47m-17d10h47m:52,50,52,50
17d13h44m-17d15h44m:59,37,59,44
17d12h33m-17d18h33m:47,40,47,46
17d09h21m-17d14h21m:15,20,23,20
17d02h54m-17d08h54m:39,31,39,41
17d12h11m-17d17h11m:9,22,17,22
17d23h14m-18d02h14m:69,34,70,34
17d18h26m-17d21h26m:36,35,36,43
17d03h29m-17d07h29m:68,38,70,38
17d21h04m-18d01h04m:63,18,70,18
18d03h40m-18d09h40m:0,20,0,23
18d10h23m-18d14h23m:69,17,70,17
18d19h59m-19d01h59m:5,19,12,19
18d06h31m-18d12h31m:29,6,34,6
18d12h42m-18d15h42m:39,43,48,43
18d20h23m-19d02h23m:18,31,24,31
18d19h03m-19d01h03m:64,4,70,4
18d05h15m-18d11h15m:2,15,2,25
18d21h36m-19d00h36m:57,19,57,26
18d00h02m-18d04h02m:38,48,42,48
19d20h02m-19d23h02m:15,23,15,31
19d20h33m-20d02h33m:22,15,22,25
19d11h37m-19d16h37m:19,12,19,20
19d18h25m-19d20h25m:13,12,18,12
19d13h21m-19d18h21m:61,1,68,1
19d13h13m-19d18h13m:1,17,1,22
19d01h51m-19d04h51m:24,29,28,29
19d18h56m-19d22h56m:27,47,27,50
19d07h30m-19d09h30m:45,38,52,38
19d06h35m-19d12h35m:5,37,14,37
20d20h18m-21d01h18m:37,46,41,46
20d21h26m-21d00h26m:46,25,54,25
20d10h19m-20d12h19m:24,50,30,50
20d19h21m-20d21h21m:50,5,50,10
20d06h22m-20d10h22m:2,48,5,48
20d14h58m-20d20h58m:7,22,15,22
20d16h45m-20d19h45m:29,7,33,7
20d04h50m-20d10h50m:16,42,16,48
20d15h04m-20d17h04m:33,35,39,35
20d06h54m-20d11h54m:61,36,70,36
21d21h37m-21d23h37m:5,43,5,50
21d02h51m-21d05h51m:62,31,62,40
21d03h12m-21d07h12m:58,9,61,9
21d17h34m-21d22h34m:0,44,7,44
21d12h44m-21d15h44m:67,27,67,35
21d02h47m-21d06h47m:60,16,60,21
21d07h59m-21d11h59m:22,5,27,5
21d10h24m-21d14h24m:19,13,24,13
21d21h32m-22d00h32m:35,4,35,13
21d17h35m-21d21h35m:19,33,25,33
22d23h21m-23d02h21m:60,1,60,9
22d21h00m-23d02h00m:60,5,60,11
22d10h03m-22d12h03m:58,16,68,16
22d18h49m-23d00h49m:55,6,55,10
22d00h26m-22d02h26m:50,44,50,50
22d12h37m-22d16h37m:60,12,60,16
22d18h03m-22d20h03m:38,36,41,36
22d04h19m-22d09h19m:52,17,52,23
22d09h15m-22d13h15m:44,20,44,28
22d00h53m-22d02h53m:38,14,38,17
23d08h23m-23d14h23m:38,29,46,29
23d06h47m-23d09h47m:62,45,70,45
23d20h29m-24d01h29m:49,48,56,48
23d20h19m-23d23h19m:70,46,70,46
23d03h02m-23d09h02m:49,36,49,42
23d05h12m-23d07h12m:17,13,22,13
23d04h44m-23d09h44m:44,11,44,21
23d12h14m-23d15h14m:67,25,70,25
23d10h34m-23d13h34m:39,25,43,25
23d19h46m-23d22h46m:7,50,14,50
24d17h16m-24d19h16m:23,12,23,20
24d16h49m-24d19h49m:28,23,28,27
24d23h23m-25d02h23m:28,44,28,50
24d06h52m-24d12h52m:67,49,70,49
24d13h33m-24d15h33m:15,12,15,22
24d17h52m-24d22h52m:39,0,46,0
24d22h07m-25d00h07m:6,1,12,1
24d07h20m-24d10h20m:66,35,70,35
24d15h05m-24d17h05m:0,10,0,18
24d08h57m-24d12h57m:70,25,70,25
25d04h21m-25d07h21m:42,47,50,47
25d04h00m-25d09h00m:51,48,51,50
25d07h31m-25d12h31m:43,30,50,30
25d17h55m-25d22h55m:66,48,70,48
25d19h48m-25d22h48m:24,27,31,27
25d16h09m-25d19h09m:39,44,39,48
25d22h48m-26d02h48m:20,38,24,38
25d22h08m-26d03h08m:38,39,38,43
25d18h54m-25d21h54m:22,38,22,44
25d18h59m-25d23h59m:63,31,68,31
26d22h24m-27d02h24m:40,6,50,6
26d06h05m-26d12h05m:50,21,53,21
26d07h30m-26d11h30m:55,47,61,47
26d22h29m-27d00h29m:70,11,70,11
26d13h33m-26d17h33m:12,23,12,31
26d05h35m-26d08h35m:43,41,43,50
26d23h48m-27d02h48m:57,33,57,42
26d22h28m-27d02h28m:31,26,38,26
26d22h02m-27d04h02m:10,14,10,23
26d08h06m-26d10h06m:1,4,10,4
27d11h01m-27d13h01m:33,50,38,50
27d16h59m-27d19h59m:10,50,10,50
27d10h04m-27d15h04m:52,3,52,9
27d14h36m-27d19h36m:35,43,35,48
27d22h08m-28d00h08m:56,21,56,31
27d02h11m-27d06h11m:64,19,69,19
27d03h14m-27d09h14m:46,16,55,16
27d19h50m-27d23h50m:29,12,29,17
27d10h18m-27d14h18m:34,0,42,0
27d01h31m-27d05h31m:61,13,67,13
28d05h43m-28d08h43m:70,12,70,18
28d11h45m-28d13h45m:19,42,24,42
28d10h40m-28d16h40m:15,7,15,15
28d23h43m-29d01h43m:48,33,58,33
28d08h45m-28d11h45m:0,47,5,47
28d22h12m-29d01h12m:48,37,55,37
28d00h43m-28d05h43m:49,19,55,19
28d19h32m-28d23h32m:64,5,64,9
28d08h50m-28d14h50m:6,22,6,32
28d12h51m-28d16h51m:64,32,70,32
29d05h17m-29d08h17m:4,31,7,31
29d18h16m-29d20h16m:64,19,70,19
29d15h10m-29d17h10m:9,35,9,41
29d03h04m-29d09h04m:52,46,52,50
29d23h31m-30d01h31m:33,11,33,21
29d19h01m-29d21h01m:36,48,36,50
29d01h06m-29d04h06m:32,49,32,50
29d09h47m-29d15h47m:7,50,7,50
29d16h36m-29d20h36m:34,10,43,10
29d04h30m-29d08h30m:7,16,7,19
30d01h13m-30d05h13m:42,40,46,40
30d20h42m-31d01h42m:61,45,61,50
30d04h15m-30d09h15m:70,41,70,44
30d03h27m-30d06h27m:68,46,70,46
30d20h40m-31d02h40m:66,8,66,18
30d10h55m-30d16h55m:23,26,23,30
30d12h32m-30d15h32m:70,41,70,44
30d22h23m-31d04h23m:39,14,49,14
30d20h48m-30d22h48m:63,8,63,12
30d19h11m-31d00h11m:20,49,29,49
