01d16h11m-01d21h11m:56,0,56,3
01d15h53m-01d19h53m:42,44,45,44
01d10h41m-01d13h41m:66,12,70,12
01d19h51m-02d01h51m:42,9,46,9
01d11h11m-01d17h11m:59,13,59,20
01d04h08m-01d08h08m:47,37,52,37
01d17h19m-01d21h19m:37,50,37,50
01d15h33m-01d19h33m:25,39,31,39
01d07h22m-01d13h22m:68,1,70,1
01d04h58m-01d10h58m:58,35,67,35
02d05h19m-02d08h19m:51,10,59,10
02d11h38m-02d14h38m:39,27,39,31
02d13h40m-02d16h40m:14,24,14,33
02d10h47m-02d13h47m:52,3,52,6
02d20h21m-03d01h21m:0,13,9,13
02d15h17m-02d20h17m:52,31,56,31
02d13h35m-02d19h35m:67,38,67,47
02d17h38m-02d20h38m:24,34,24,37
02d06h57m-02d12h57m:26,33,26,39
02d19h39m-03d00h39m:12,2,19,2
03d23h19m-04d01h19m:67,50,70,50
03d21h26m-04d03h26m:40,43,44,43
03d23h56m-04d01h56m:11,46,11,50
03d10h24m-03d12h24m:5,49,15,49
03d09h06m-03d15h06m:28,8,28,18
03d13h15m-03d15h15m:64,6,70,6
03d14h32m-03d18h32m:33,33,33,42
03d22h06m-04d02h06m:58,34,63,34
03d20h32m-04d01h32m:27,48,36,48
03d09h37m-03d14h37m:0,30,0,34
04d02h42m-04d05h42m:37,10,44,10
04d22h03m-05d03h03m:10,47,10,50
04d02h18m-04d05h18m:1,41,11,41
04d01h21m-04d06h21m:67,36,70,36
04d21h06m-05d02h06m:42,0,42,7
04d01h58m-04d06h58m:15,46,22,46
04d21h57m-05d02h57m:49,16,49,22
04d07h30m-04d09h30m:20,25,20,34
04d19h20m-04d22h20m:25,34,33,34
04d11h04m-04d16h04m:28,41,28,49
05d19h42m-05d22h42m:23,7,27,7
05d05h20m-05d10h20m:49,16,49,25
05d12h48m-05d17h48m:69,35,69,42
05d04h38m-05d08h38m:0,28,9,28
05d09h34m-05d13h34m:23,32,27,32
05d05h10m-05d10h10m:42,46,49,46
05d10h38m-05d14h38m:9,26,9,34
05d06h04m-05d10h04m:52,36,52,42
05d19h34m-05d21h34m:33,8,33,14
05d12h52m-05d15h52m:69,5,69,13
06d07h13m-06d10h13m:18,41,27,41
06d12h34m-06d15h34m:39,42,39,50
06d00h03m-06d02h03m:33,3,33,10
06d01h43m-06d03h43m:58,27,65,27
06d12h02m-06d14h02m:42,28,42,38
06d19h06m-07d00h06m:43,49,43,50
06d01h14m-06d06h14m:4,12,11,12
06d08h54m-06d12h54m:50,25,50,31
06d00h04m-06d02h04m:8,13,15,13
06d19h58m-06d21h58m:48,45,51,45
07d04h11m-07d08h11m:26,48,26,50
07d18h10m-07d20h10m:69,6,69,10
07d06h11m-07d08h11m:11,25,11,29
07d13h08m-07d16h08m:45,31,45,38
07d20h01m-08d01h01m:9,8,9,16
07d22h44m-08d00h44m:47,11,51,11
07d14h48m-07d19h48m:36,29,36,36
07d21h33m-08d03h33m:27,42,36,42
07d09h18m-07d11h18m:24,42,24,46
07d18h26m-07d23h26m:42,25,42,33
08d09h23m-08d14h23m:26,50,31,50
08d10h24m-08d16h24m:3,24,9,24
08d21h22m-09d00h22m:16,23,16,28
08d19h05m-08d21h05m:27,10,35,10
08d02h55m-08d07h55m:50,17,50,20
08d11h30m-08d15h30m:37,1,44,1
08d14h27m-08d16h27m:68,29,68,35
08d12h50m-08d15h50m:25,31,25,39
08d02h40m-08d08h40m:68,34,70,34
08d23h28m-09d02h28m:23,26,23,30
09d08h21m-09d13h21m:54,40,59,40
09d12h48m-09d14h48m:49,46,49,50
09d15h02m-09d18h02m:4,48,4,50
09d21h22m-10d00h22m:30,41,34,41
09d00h02m-09d02h02m:24,15,34,15
09d22h54m-10d03h54m:30,34,33,34
09d20h25m-10d00h25m:2,7,7,7
09d10h32m-09d15h32m:20,32,20,42
09d11h46m-09d17h46m:39,49,39,50
09d19h16m-10d01h16m:64,17,67,17
10d06h21m-10d10h21m:41,10,50,10
10d11h10m-10d13h10m:58,11,64,11
10d12h35m-10d17h35m:11,36,11,39
10d14h42m-10d18h42m:70,37,70,41
10d06h54m-10d09h54m:45,39,50,39
10d14h35m-10d20h35m:59,42,65,42
10d20h15m-11d00h15m:1,10,1,20
10d01h38m-10d03h38m:54,30,63,30
10d11h00m-10d15h00m:20,3,24,3
10d18h20m-10d23h20m:13,40,13,45
11d00h59m-11d02h59m:8,18,8,21
11d19h53m-11d23h53m:27,1,34,1
11d12h31m-11d14h31m:57,50,61,50
11d08h45m-11d12h45m:39,7,46,7
11d19h49m-12d00h49m:9,46,17,46
11d21h40m-12d01h40m:28,12,28,19
11d19h23m-11d22h23m:29,48,29,50
11d04h31m-11d06h31m:42,5,42,14
11d01h09m-11d06h09m:60,30,60,37
11d11h26m-11d13h26m:14,47,21,47
12d10h52m-12d16h52m:22,39,22,42
12d09h21m-12d13h21m:59,11,59,21
12d17h15m-12d23h15m:4,41,4,48
12d04h39m-12d07h39m:55,32,55,40
12d15h28m-12d20h28m:46,20,51,20
12d20h26m-13d00h26m:19,49,23,49
12d06h45m-12d11h45m:32,6,32,11
12d00h44m-12d02h44m:21,39,21,44
12d04h18m-12d10h18m:47,40,54,40
12d16h11m-12d22h11m:56,46,56,50
13d05h29m-13d11h29m:3,24,3,29
13d05h57m-13d10h57m:50,13,60,13
13d17h24m-13d21h24m:57,13,57,20
13d00h32m-13d03h32m:9,12,9,21
13d08h54m-13d13h54m:58,8,61,8
13d23h13m-14d05h13m:51,31,51,41
13d11h47m-13d17h47m:62,23,62,33
13d07h10m-13d11h10m:15,30,15,40
13d11h33m-13d17h33m:50,28,50,36
13d15h54m-13d20h54m:28,25,37,25
14d20h22m-14d22h22m:31,6,34,6
14d00h53m-14d04h53m:17,46,17,49
14d19h24m-14d21h24m:17,7,17,15
14d16h06m-14d18h06m:68,44,68,48
14d09h33m-14d15h33m:36,39,43,39
14d03h58m-14d09h58m:6,26,9,26
14d02h16m-14d07h16m:63,5,69,5
14d21h38m-15d01h38m:60,4,68,4
14d20h37m-15d00h37m:28,22,28,25
14d07h40m-14d11h40m:20,1,20,10
15d21h53m-15d23h53m:17,30,22,30
15d08h24m-15d14h24m:24,35,34,35
15d16h01m-15d18h01m:28,21,28,26
15d17h34m-15d21h34m:50,22,50,28
15d18h01m-15d20h01m:39,13,39,23
15d11h20m-15d15h20m:36,38,36,42
15d22h57m-16d01h57m:51,19,58,19
15d19h54m-15d21h54m:47,29,47,36
15d20h44m-16d00h44m:32,27,40,27
15d23h45m-16d03h45m:50,23,50,26
16d12h13m-16d16h13m:14,39,24,39
16d02h58m-16d04h58m:32,2,42,2
16d11h12m-16d13h12m:64,30,70,30
16d01h28m-16d06h28m:29,6,38,6
16d18h49m-16d23h49m:19,30,24,30
16d16h17m-16d22h17m:17,46,21,46
16d19h16m-17d00h16m:0,16,9,16
16d08h30m-16d12h30m:35,27,42,27
16d03h45m-16d05h45m:69,23,70,23
16d19h09m-16d23h09m:1,24,1,30
17d06h11m-17d09h11m:38,13,38,22
17d18h05m-17d23h05m:10,17,10,24
17d22h37m-18d00h37m:27,38,27,44
17d23h02m-18d02h02m:43,17,47,17
17d13h21m-17d17h21m:24,48,31,48
17d15h38m-17d18h38m:41,19,45,19
17d13h17m-17d18h17m:1,46,1,50
17d05h08m-17d07h08m:5,47,5,50
17d03h55m-17d07h55m:32,21,36,21
17d13h07m-17d15h07m:32,42,32,50
18d21h00m-19d02h00m:23,5,26,5
18d06h35m-18d09h35m:1,30,1,35
18d03h06m-18d07h06m:40,17,40,21
18d01h28m-18d06h28m:22,28,22,38
18d11h06m-18d15h06m:65,18,70,18
18d09h13m-18d15h13m:62,30,62,34
18d11h23m-18d14h23m:9,10,9,15
18d19h59m-18d21h59m:23,18,23,26
18d13h21m-18d18h21m:33,12,33,18
18d04h25m-18d10h25m:48,16,48,19
19d01h31m-19d05h31m:38,8,38,15
19d14h30m-19d20h30m:3,12,3,21
19d22h07m-20d00h07m:50,48,50,50
19d09h32m-19d13h32m:39,28,47,28
19d15h37m-19d20h37m:17,24,26,24
19d03h55m-19d06h55m:26,16,35,16
19d08h38m-19d10h38m:8,19,15,19
19d11h00m-19d15h00m:58,4,58,13
19d15h49m-19d21h49m:11,8,15,8
19d21h55m-20d03h55m:0,2,0,6
20d00h50m-20d03h50m:24,9,24,17
20d13h50m-20d16h50m:24,9,32,9
20d23h35m-21d05h35m:5,27,5,34
20d23h13m-21d05h13m:64,16,64,22
20d21h28m-21d01h28m:1,39,1,48
20d21h20m-21d03h20m:63,33,63,42
20d22h43m-21d04h43m:28,3,28,12
20d12h01m-20d14h01m:30,15,39,15
20d13h29m-20d16h29m:66,10,70,10
20d23h24m-21d01h24m:25,15,25,18
21d21h41m-22d02h41m:45,50,45,50
21d08h24m-21d11h24m:70,43,70,50
21d07h59m-21d09h59m:69,20,69,24
21d01h46m-21d03h46m:31,0,40,0
21d12h05m-21d17h05m:42,18,42,26
21d14h12m-21d16h12m:46,27,49,27
21d22h54m-22d04h54m:51,17,51,27
21d07h28m-21d13h28m:49,23,54,23
21d15h31m-21d19h31m:16,44,16,50
21d14h09m-21d17h09m:55,45,55,49
22d14h27m-22d17h27m:37,26,45,26
22d15h41m-22d19h41m:63,15,63,25
22d21h46m-23d00h46m:24,42,27,42
22d01h20m-22d07h20m:25,3,25,12
22d11h03m-22d14h03m:18,25,24,25
22d08h56m-22d11h56m:4,34,4,42
22d10h07m-22d16h07m:63,40,70,40
22d02h24m-22d07h24m:53,46,58,46
22d03h23m-22d07h23m:61,6,69,6
22d22h27m-23d03h27m:26,20,30,20
23d20h50m-24d02h50m:66,11,70,11
23d15h04m-23d21h04m:23,6,27,6
23d06h51m-23d12h51m:60,16,60,22
23d19h25m-23d23h25m:42,12,42,16
23d13h47m-23d19h47m:26,28,26,34
23d19h53m-23d22h53m:68,33,70,33
23d19h26m-23d22h26m:70,44,70,44
23d18h50m-23d21h50m:1,3,5,3
23d17h48m-23d20h48m:65,8,65,13
23d20h47m-24d01h47m:6,15,11,15
24d15h15m-24d20h15m:42,7,47,7
24d22h35m-25d03h35m:58,7,58,17
24d09h08m-24d11h08m:13,33,21,33
24d03h17m-24d09h17m:55,2,55,10
24d11h39m-24d13h39m:0,6,0,13
24d22h35m-25d04h35m:23,2,29,2
24d11h07m-24d17h07m:69,8,70,8
24d01h39m-24d04h39m:35,41,42,41
24d01h10m-24d06h10m:54,13,54,17
24d04h27m-24d08h27m:42,7,42,13
25d17h29m-25d20h29m:17,4,27,4
25d02h27m-25d04h27m:67,21,67,24
25d06h11m-25d08h11m:38,22,47,22
25d19h24m-26d01h24m:8,10,8,16
25d12h38m-25d17h38m:45,24,49,24
25d19h29m-26d00h29m:4,32,7,32
25d04h22m-25d06h22m:27,1,35,1
25d11h41m-25d15h41m:3,46,6,46
25d23h01m-26d05h01m:11,42,11,47
25d08h17m-25d12h17m:14,18,14,23
26d13h06m-26d15h06m:5,50,5,50
26d22h00m-27d04h00m:28,33,34,33
26d17h42m-26d20h42m:58,7,65,7
26d12h49m-26d16h49m:3,15,3,18
26d22h41m-27d01h41m:58,49,58,50
26d01h52m-26d04h52m:29,36,29,40
26d05h50m-26d10h50m:7,11,14,11
26d15h05m-26d19h05m:67,43,67,48
26d10h49m-26d14h49m:40,1,40,10
26d01h54m-26d07h54m:47,26,50,26
27d05h53m-27d08h53m:31,21,31,26
27d05h00m-27d07h00m:67,11,70,11
27d07h03m-27d12h03m:51,14,51,24
27d20h54m-28d00h54m:40,23,43,23
27d19h22m-27d21h22m:47,14,55,14
27d08h39m-27d14h39m:56,16,59,16
27d13h58m-27d18h58m:54,20,61,20
27d14h22m-27d18h22m:40,49,43,49
27d11h44m-27d17h44m:12,0,12,9
27d17h52m-27d23h52m:46,36,46,39
28d10h48m-28d14h48m:57,36,57,45
28d15h32m-28d20h32m:59,14,59,21
28d10h26m-28d14h26m:23,4,32,4
28d12h38m-28d14h38m:27,45,35,45
28d07h21m-28d12h21m:34,20,44,20
28d19h11m-28d22h11m:23,25,26,25
28d14h50m-28d16h50m:5,22,5,26
28d06h30m-28d09h30m:57,13,64,13
28d22h10m-29d00h10m:1,36,4,36
28d20h30m-28d22h30m:1,39,1,47
29d19h40m-29d22h40m:30,26,40,26
29d06h27m-29d11h27m:31,46,35,46
29d10h26m-29d13h26m:19,7,19,14
29d21h29m-30d00h29m:2,49,7,49
29d11h19m-29d16h19m:57,16,57,24
29d15h39m-29d18h39m:4,28,4,35
29d04h54m-29d08h54m:21,32,21,36
29d00h37m-29d04h37m:31,2,31,9
29d06h09m-29d09h09m:37,11,43,11
29d13h11m-29d17h11m:57,24,66,24
30d22h24m-31d02h24m:16,19,25,19
30d23h43m-31d05h43m:52,19,52,28
30d16h29m-30d18h29m:51,1,51,8
30d13h46m-30d16h46m:13,48,13,50
30d21h22m-30d23h22m:34,10,40,10
30d03h27m-30d07h27m:3,38,3,46
30d05h43m-30d08h43m:42,22,42,27
30d17h04m-30d23h04m:36,8,45,8
30d09h55m-30d13h55m:48,19,55,19
30d23h34m-31d02h34m:35,2,35,5
