01d23h43m-02d02h43m:3,43,3,50
01d04h25m-01d10h25m:57,16,60,16
01d20h48m-02d00h48m:53,13,53,23
01d14h54m-01d18h54m:0,16,10,16
01d15h11m-01d20h11m:20,33,20,36
01d07h30m-01d10h30m:46,31,55,31
01d15h06m-01d20h06m:27,49,27,50
01d07h46m-01d09h46m:55,49,62,49
01d23h10m-02d04h10m:51,46,55,46
01d09h31m-01d13h31m:4,15,4,22
02d06h41m-02d12h41m:45,3,48,3
02d21h12m-03d03h12m:54,2,57,2
02d19h28m-02d22h28m:30,46,30,50
02d21h00m-03d01h00m:32,38,32,45
02d02h05m-02d05h05m:69,25,69,30
02d10h12m-02d14h12m:8,44,14,44
02d14h07m-02d19h07m:2,44,6,44
02d17h24m-02d22h24m:53,14,53,22
02d22h05m-03d01h05m:2,11,5,11
02d19h31m-02d23h31m:17,32,20,32
03d19h44m-03d22h44m:69,28,70,28
03d19h40m-03d22h40m:60,33,60,36
03d15h25m-03d18h25m:70,17,70,27
03d10h50m-03d16h50m:35,41,39,41
03d05h40m-03d07h40m:30,8,30,13
03d21h12m-03d23h12m:38,45,43,45
03d06h56m-03d12h56m:51,43,57,43
03d18h36m-03d20h36m:25,8,31,8
03d07h47m-03d13h47m:67,2,70,2
03d10h48m-03d12h48m:58,12,68,12
04d23h34m-05d02h34m:70,3,70,3
04d05h24m-04d10h24m:19,44,29,44
04d10h42m-04d14h42m:42,6,42,9
04d13h37m-04d18h37m:33,17,36,17
04d20h38m-04d23h38m:20,32,20,36
04d16h05m-04d20h05m:53,49,53,50
04d15h57m-04d19h57m:50,40,59,40
04d09h44m-04d13h44m:25,21,25,24
04d19h31m-05d00h31m:7,47,15,47
04d12h32m-04d16h32m:55,3,55,7
05d03h40m-05d09h40m:44,49,44,50
05d20h54m-05d22h54m:41,20,41,30
05d23h21m-06d05h21m:19,14,19,17
05d02h37m-05d07h37m:10,47,15,47
05d01h52m-05d05h52m:10,36,13,36
05d08h19m-05d10h19m:8,32,8,41
05d13h19m-05d18h19m:6,24,6,30
05d04h31m-05d09h31m:40,19,46,19
05d17h10m-05d22h10m:62,21,62,30
05d19h10m-06d00h10m:17,35,17,43
06d09h26m-06d12h26m:41,13,41,22
06d08h51m-06d12h51m:62,43,66,43
06d17h37m-06d21h37m:2,14,5,14
06d15h30m-06d19h30m:70,34,70,38
06d16h39m-06d21h39m:13,5,13,13
06d19h12m-06d21h12m:18,0,28,0
06d04h50m-06d09h50m:40,4,40,10
06d04h17m-06d06h17m:48,22,54,22
06d04h07m-06d10h07m:21,47,25,47
06d22h46m-07d02h46m:26,41,35,41
07d12h50m-07d15h50m:52,31,52,40
07d08h42m-07d14h42m:43,49,43,50
07d13h57m-07d18h57m:53,44,61,44
07d22h58m-08d02h58m:5,35,9,35
07d22h13m-08d03h13m:70,12,70,12
07d06h14m-07d10h14m:9,14,9,19
07d11h21m-07d16h21m:47,25,56,25
07d01h59m-07d03h59m:42,8,42,16
07d02h48m-07d06h48m:16,11,26,11
07d02h45m-07d06h45m:54,38,54,48
08d04h38m-08d09h38m:21,36,21,39
08d22h44m-09d04h44m:36,46,41,46
08d19h14m-09d00h14m:11,16,21,16
08d22h29m-09d02h29m:65,2,70,2
08d01h59m-08d04h59m:13,50,17,50
08d02h44m-08d06h44m:32,11,38,11
08d20h22m-09d01h22m:51,28,51,38
08d09h14m-08d15h14m:33,41,33,49
08d03h00m-08d09h00m:1,11,7,11
08d13h11m-08d15h11m:43,35,48,35
09d16h13m-09d21h13m:59,47,59,50
09d05h41m-09d11h41m:44,9,44,14
09d01h49m-09d04h49m:54,48,54,50
09d02h53m-09d08h53m:12,39,12,44
09d21h02m-10d00h02m:15,12,15,21
09d21h35m-10d01h35m:31,24,36,24
09d09h31m-09d11h31m:65,29,65,38
09d07h39m-09d11h39m:68,19,68,29
09d03h37m-09d09h37m:2,20,2,26
09d20h29m-09d23h29m:66,2,70,2
10d09h57m-10d11h57m:51,31,51,39
10d08h02m-10d14h02m:25,36,25,44
10d09h26m-10d15h26m:46,43,46,50
10d13h33m-10d17h33m:41,16,44,16
10d18h15m-10d22h15m:21,19,28,19
10d05h33m-10d08h33m:20,34,29,34
10d17h45m-10d19h45m:70,11,70,16
10d08h22m-10d10h22m:28,20,28,27
10d12h12m-10d15h12m:12,10,12,20
10d12h33m-10d14h33m:53,39,63,39
11d16h48m-11d20h48m:45,36,50,36
11d18h03m-11d23h03m:21,38,21,45
11d19h32m-11d22h32m:57,45,57,50
11d19h42m-12d01h42m:26,3,34,3
11d17h37m-11d21h37m:21,14,21,20
11d07h51m-11d12h51m:53,31,53,39
11d11h24m-11d15h24m:34,2,43,2
11d02h20m-11d05h20m:25,39,25,47
11d02h23m-11d07h23m:28,39,28,42
11d04h32m-11d08h32m:57,24,63,24
12d05h48m-12d11h48m:55,3,55,9
12d11h10m-12d15h10m:57,17,62,17
12d07h01m-12d11h01m:1,31,1,38
12d01h58m-12d03h58m:69,40,69,47
12d20h02m-12d23h02m:12,24,15,24
12d14h56m-12d19h56m:58,44,58,50
12d03h20m-12d06h20m:44,3,44,13
12d08h36m-12d11h36m:58,41,58,49
12d15h23m-12d20h23m:39,14,39,23
12d06h03m-12d09h03m:7,42,17,42
13d06h48m-13d10h48m:64,28,70,28
13d12h13m-13d17h13m:64,47,70,47
13d05h13m-13d11h13m:63,44,67,44
13d17h35m-13d20h35m:67,9,70,9
13d04h30m-13d06h30m:31,42,35,42
13d00h15m-13d05h15m:54,29,54,34
13d03h24m-13d05h24m:11,7,18,7
13d23h02m-14d03h02m:3,3,11,3
13d10h38m-13d16h38m:60,19,60,23
13d01h54m-13d04h54m:13,14,13,22
14d11h57m-14d13h57m:69,38,70,38
14d23h18m-15d04h18m:35,20,35,29
14d05h08m-14d10h08m:29,40,37,40
14d19h52m-14d23h52m:1,1,1,8
14d11h24m-14d17h24m:25,17,28,17
14d10h53m-14d13h53m:12,26,12,30
14d05h13m-14d11h13m:33,15,33,23
14d15h56m-14d20h56m:59,44,67,44
14d04h40m-14d08h40m:66,35,66,42
14d12h38m-14d17h38m:16,48,21,48
15d11h58m-15d15h58m:64,35,64,40
15d23h02m-16d05h02m:61,21,61,24
15d17h26m-15d21h26m:28,33,28,39
15d16h33m-15d22h33m:52,7,52,12
15d13h02m-15d15h02m:51,9,51,13
15d09h40m-15d11h40m:33,26,33,35
15d19h50m-16d00h50m:66,6,70,6
15d11h58m-15d16h58m:58,35,61,35
15d21h35m-16d02h35m:15,22,15,28
15d03h45m-15d09h45m:57,49,57,50
16d15h32m-16d17h32m:29,41,29,49
16d12h17m-16d18h17m:53,16,61,16
16d00h00m-16d02h00m:56,1,61,1
16d20h32m-16d22h32m:54,39,58,39
16d09h40m-16d13h40m:17,22,23,22
16d17h49m-16d19h49m:13,2,19,2
16d23h07m-17d04h07m:16,23,16,28
16d19h29m-16d22h29m:12,27,18,27
16d15h16m-16d18h16m:6,44,10,44
16d05h00m-16d07h00m:57,12,57,22
17d10h27m-17d12h27m:8,12,18,12
17d14h01m-17d18h01m:45,27,52,27
17d12h12m-17d17h12m:25,9,25,13
17d18h44m-17d22h44m:37,22,37,27
17d16h21m-17d21h21m:19,36,19,46
17d17h16m-17d21h16m:36,49,36,50
17d00h31m-17d02h31m:13,39,13,43
17d09h38m-17d11h38m:31,44,31,48
17d06h01m-17d08h01m:17,32,24,32
17d13h09m-17d15h09m:6,40,6,50
18d11h38m-18d13h38m:46,19,55,19
18d00h33m-18d02h33m:44,30,49,30
18d03h13m-18d07h13m:32,44,32,50
18d00h43m-18d03h43m:0,15,0,24
18d06h27m-18d11h27m:9,3,16,3
18d20h19m-19d00h19m:14,0,18,0
18d04h23m-18d09h23m:67,48,67,50
18d13h17m-18d18h17m:10,47,14,47
18d04h57m-18d07h57m:41,3,41,8
18d21h08m-18d23h08m:30,7,30,11
19d02h10m-19d06h10m:5,11,12,11
19d02h13m-19d05h13m:8,22,16,22
19d21h13m-20d01h13m:6,18,6,27
19d00h45m-19d02h45m:68,39,68,49
19d02h57m-19d08h57m:7,44,7,48
19d08h39m-19d13h39m:52,13,62,13
19d23h50m-20d03h50m:43,1,43,9
19d14h05m-19d17h05m:60,11,66,11
19d04h28m-19d09h28m:47,4,47,14
19d17h54m-19d19h54m:25,29,35,29
20d07h26m-20d12h26m:35,34,42,34
20d17h37m-20d21h37m:69,24,69,34
20d23h04m-21d04h04m:13,42,16,42
20d19h08m-21d00h08m:33,41,33,47
20d11h54m-20d13h54m:34,30,39,30
20d14h19m-20d17h19m:31,3,31,7
20d07h46m-20d13h46m:64,36,70,36
20d19h52m-20d21h52m:36,12,45,12
20d15h09m-20d19h09m:24,29,34,29
20d00h29m-20d04h29m:12,19,22,19
21d23h46m-22d05h46m:34,15,40,15
21d04h50m-21d10h50m:15,39,15,45
21d11h31m-21d17h31m:27,31,27,37
21d13h34m-21d15h34m:37,5,47,5
21d19h53m-21d21h53m:38,43,38,50
21d00h32m-21d04h32m:69,48,69,50
21d05h54m-21d10h54m:68,15,68,20
21d10h42m-21d12h42m:5,8,11,8
21d09h21m-21d12h21m:56,13,63,13
21d13h54m-21d16h54m:67,15,70,15
22d12h11m-22d17h11m:34,29,42,29
22d10h29m-22d13h29m:38,21,38,30
22d21h54m-23d00h54m:39,29,42,29
22d23h45m-23d01h45m:11,10,17,10
22d18h00m-22d20h00m:40,35,40,44
22d01h18m-22d03h18m:12,27,12,32
22d11h54m-22d15h54m:58,45,66,45
22d04h18m-22d06h18m:24,7,24,17
22d06h38m-22d08h38m:62,26,62,31
22d13h51m-22d16h51m:36,7,36,12
23d14h10m-23d18h10m:4,7,4,16
23d01h23m-23d05h23m:68,20,70,20
23d00h43m-23d05h43m:27,33,37,33
23d13h22m-23d16h22m:36,17,41,17
23d20h47m-23d22h47m:24,47,34,47
23d16h11m-23d18h11m:35,29,35,38
23d03h35m-23d05h35m:52,10,52,17
23d22h21m-24d02h21m:50,8,60,8
23d05h01m-23d09h01m:49,35,57,35
23d13h48m-23d16h48m:46,17,54,17
24d16h22m-24d18h22m:35,3,35,11
24d20h45m-24d23h45m:4,26,4,33
24d23h48m-25d01h48m:10,1,20,1
24d03h47m-24d08h47m:58,5,66,5
24d15h30m-24d17h30m:47,7,51,7
24d01h33m-24d05h33m:38,23,38,27
24d02h13m-24d04h13m:38,39,42,39
24d11h49m-24d16h49m:10,26,10,34
24d21h40m-24d23h40m:70,31,70,31
24d13h18m-24d15h18m:39,40,48,40
25d10h20m-25d15h20m:54,41,64,41
25d14h42m-25d18h42m:67,4,70,4
25d00h59m-25d05h59m:58,3,65,3
25d05h03m-25d11h03m:10,50,18,50
25d09h18m-25d11h18m:10,1,16,1
25d20h53m-25d22h53m:13,30,13,39
25d14h58m-25d16h58m:2,14,2,21
25d06h29m-25d12h29m:33,4,36,4
25d06h04m-25d08h04m:24,29,33,29
25d18h08m-25d20h08m:32,1,39,1
26d01h49m-26d07h49m:27,44,27,50
26d01h39m-26d03h39m:61,35,67,35
26d19h09m-27d00h09m:10,48,10,50
26d15h47m-26d19h47m:38,35,38,38
26d00h26m-26d05h26m:61,44,61,50
26d00h18m-26d04h18m:34,15,43,15
26d01h58m-26d05h58m:34,40,41,40
26d14h45m-26d19h45m:64,3,64,7
26d20h19m-27d01h19m:42,13,42,23
26d11h20m-26d13h20m:68,24,68,34
27d19h15m-27d23h15m:12,17,21,17
27d05h28m-27d09h28m:17,44,23,44
27d08h57m-27d13h57m:70,50,70,50
27d21h55m-28d00h55m:25,4,31,4
27d16h14m-27d20h14m:1,49,6,49
27d14h15m-27d16h15m:50,28,59,28
27d03h20m-27d05h20m:34,25,40,25
27d16h13m-27d22h13m:9,3,9,9
27d22h14m-28d03h14m:58,43,63,43
27d11h37m-27d14h37m:61,19,61,23
28d18h01m-28d23h01m:7,19,12,19
28d03h05m-28d07h05m:48,23,57,23
28d01h59m-28d04h59m:37,35,47,35
28d11h58m-28d13h58m:59,32,63,32
28d11h54m-28d14h54m:5,8,5,16
28d12h19m-28d16h19m:9,48,17,48
28d14h00m-28d20h00m:7,16,13,16
28d19h12m-28d23h12m:8,47,8,50
28d18h30m-28d23h30m:33,34,33,41
28d01h22m-28d07h22m:20,34,20,39
29d22h14m-30d00h14m:43,21,52,21
29d04h18m-29d07h18m:59,33,59,37
29d05h06m-29d09h06m:5,3,5,12
29d14h48m-29d19h48m:27,39,36,39
29d20h28m-29d23h28m:67,3,67,10
29d01h23m-29d07h23m:32,40,35,40
29d13h00m-29d16h00m:14,25,14,28
29d21h35m-29d23h35m:63,12,63,20
29d08h13m-29d13h13m:20,49,29,49
29d19h39m-29d22h39m:61,37,69,37
30d19h25m-30d22h25m:41,15,41,25
30d14h52m-30d18h52m:31,18,34,18
30d03h03m-30d07h03m:25,24,25,31
30d18h19m-30d20h19m:55,40,55,48
30d23h50m-31d03h50m:0,31,0,34
30d02h22m-30d06h22m:9,9,17,9
30d10h40m-30d14h40m:32,20,32,28
30d16h31m-30d21h31m:65,21,70,21
30d22h29m-31d02h29m:28,43,28,49
30d10h39m-30d14h39m:12,8,20,8
