01d22h40m-02d04h40m:6,39,6,44
01d07h49m-01d11h49m:64,35,70,35
01d18h31m-01d23h31m:54,34,64,34
01d00h14m-01d05h14m:49,10,58,10
01d10h52m-01d14h52m:6,46,11,46
01d05h32m-01d10h32m:43,13,51,13
01d05h53m-01d08h53m:47,9,54,9
01d06h30m-01d12h30m:35,25,41,25
01d14h42m-01d16h42m:10,37,10,45
01d13h05m-01d15h05m:5,44,5,47
02d07h10m-02d12h10m:31,9,31,13
02d15h50m-02d17h50m:55,35,62,35
02d23h49m-03d04h49m:51,38,51,46
02d01h27m-02d04h27m:49,42,53,42
02d23h55m-03d02h55m:65,10,65,13
02d22h29m-03d04h29m:67,43,70,43
02d17h36m-02d20h36m:59,39,68,39
02d02h18m-02d07h18m:62,42,69,42
02d15h13m-02d17h13m:33,31,37,31
02d05h42m-02d11h42m:51,44,51,49
03d10h48m-03d12h48m:4,27,4,34
03d19h28m-03d22h28m:52,3,56,3
03d21h56m-04d00h56m:59,41,69,41
03d22h27m-04d04h27m:3,34,3,39
03d13h34m-03d16h34m:17,39,25,39
03d18h50m-03d23h50m:43,17,43,23
03d15h45m-03d18h45m:42,29,42,37
03d18h41m-04d00h41m:17,25,24,25
03d04h44m-03d10h44m:67,20,67,23
03d17h54m-03d19h54m:16,40,16,48
04d17h02m-04d22h02m:41,40,41,43
04d00h01m-04d02h01m:9,31,9,40
04d18h13m-04d23h13m:27,25,27,32
04d03h40m-04d07h40m:41,19,41,27
04d11h08m-04d17h08m:23,47,29,47
04d08h11m-04d13h11m:45,8,45,17
04d22h32m-05d00h32m:48,14,48,19
04d06h21m-04d10h21m:0,2,0,10
04d07h42m-04d12h42m:63,2,63,6
04d03h14m-04d05h14m:19,27,27,27
05d10h30m-05d13h30m:55,7,55,15
05d04h40m-05d07h40m:26,33,36,33
05d03h06m-05d06h06m:38,39,38,46
05d20h13m-05d23h13m:68,34,70,34
05d08h34m-05d12h34m:37,17,43,17
05d04h20m-05d08h20m:10,50,16,50
05d12h34m-05d15h34m:58,19,61,19
05d14h00m-05d18h00m:26,38,31,38
05d23h32m-06d03h32m:34,35,41,35
05d10h29m-05d13h29m:67,12,67,22
06d15h09m-06d21h09m:5,23,5,29
06d10h02m-06d15h02m:44,44,53,44
06d10h59m-06d16h59m:34,15,34,25
06d13h11m-06d17h11m:33,8,33,18
06d16h15m-06d20h15m:13,18,17,18
06d06h32m-06d08h32m:24,36,24,45
06d12h28m-06d15h28m:34,23,34,31
06d04h35m-06d07h35m:7,33,7,40
06d05h22m-06d11h22m:10,7,10,13
06d05h16m-06d10h16m:28,23,38,23
07d13h12m-07d16h12m:1,10,8,10
07d04h58m-07d10h58m:9,26,9,29
07d06h22m-07d11h22m:5,18,14,18
07d17h01m-07d22h01m:11,11,15,11
07d04h27m-07d06h27m:35,47,35,50
07d02h31m-07d05h31m:28,12,35,12
07d03h45m-07d09h45m:48,47,51,47
07d15h08m-07d17h08m:23,48,23,50
07d14h26m-07d18h26m:28,20,37,20
07d00h16m-07d03h16m:68,50,68,50
08d21h41m-08d23h41m:25,30,25,40
08d13h24m-08d19h24m:45,10,51,10
08d12h51m-08d17h51m:1,48,8,48
08d03h48m-08d07h48m:20,38,20,43
08d23h12m-09d03h12m:3,11,3,18
08d22h48m-09d03h48m:26,39,31,39
08d03h43m-08d09h43m:29,30,37,30
08d21h49m-09d00h49m:4,6,4,11
08d09h17m-08d14h17m:67,1,70,1
08d11h03m-08d15h03m:61,49,61,50
09d23h13m-10d05h13m:16,28,16,36
09d02h06m-09d04h06m:59,20,65,20
09d01h59m-09d07h59m:46,46,46,49
09d09h14m-09d13h14m:52,38,58,38
09d19h43m-10d00h43m:53,21,59,21
09d15h32m-09d17h32m:66,11,66,17
09d10h38m-09d14h38m:37,15,47,15
09d23h15m-10d03h15m:62,46,62,50
09d01h27m-09d03h27m:34,43,34,50
09d23h04m-10d01h04m:3,13,12,13
10d22h22m-11d03h22m:6,42,12,42
10d22h06m-11d00h06m:69,48,70,48
10d20h02m-11d00h02m:67,8,67,11
10d21h13m-11d02h13m:11,41,16,41
10d18h37m-10d22h37m:65,33,65,37
10d15h14m-10d19h14m:38,43,38,50
10d21h07m-11d01h07m:40,9,46,9
10d23h01m-11d03h01m:8,2,8,8
10d14h04m-10d16h04m:35,35,44,35
10d07h44m-10d09h44m:27,37,27,46
11d10h47m-11d12h47m:51,9,59,9
11d05h36m-11d08h36m:47,6,53,6
11d17h40m-11d21h40m:43,3,43,7
11d07h45m-11d10h45m:34,0,34,4
11d00h05m-11d03h05m:8,7,8,14
11d08h25m-11d10h25m:8,29,8,38
11d02h49m-11d05h49m:53,24,53,30
11d20h42m-12d01h42m:2,35,2,45
11d10h53m-11d13h53m:57,50,60,50
11d13h47m-11d18h47m:60,4,63,4
12d05h29m-12d10h29m:32,33,32,42
12d20h26m-12d23h26m:45,31,50,31
12d20h28m-13d01h28m:0,44,7,44
12d07h04m-12d10h04m:68,5,70,5
12d21h48m-12d23h48m:10,11,10,17
12d02h33m-12d04h33m:44,16,47,16
12d14h13m-12d20h13m:19,19,19,23
12d07h42m-12d13h42m:14,14,21,14
12d20h52m-12d23h52m:22,30,31,30
12d18h33m-12d21h33m:30,19,30,28
13d14h00m-13d17h00m:39,49,47,49
13d21h09m-14d02h09m:20,26,30,26
13d10h21m-13d16h21m:4,15,9,15
13d04h39m-13d06h39m:60,1,66,1
13d02h53m-13d05h53m:41,45,41,50
13d21h49m-13d23h49m:9,11,9,19
13d16h45m-13d20h45m:64,28,64,34
13d09h30m-13d14h30m:61,37,61,40
13d07h20m-13d13h20m:3,21,3,31
13d19h15m-14d00h15m:11,48,11,50
14d11h47m-14d14h47m:34,22,44,22
14d02h09m-14d08h09m:65,25,65,29
14d21h57m-14d23h57m:47,5,54,5
14d19h40m-14d21h40m:43,43,47,43
14d07h54m-14d09h54m:4,18,10,18
14d09h44m-14d12h44m:1,1,1,9
14d19h08m-15d00h08m:15,35,15,40
14d02h31m-14d05h31m:26,47,33,47
14d16h38m-14d20h38m:14,25,14,28
14d11h14m-14d15h14m:67,45,70,45
15d10h53m-15d15h53m:54,14,54,23
15d16h29m-15d22h29m:21,32,25,32
15d18h44m-16d00h44m:53,10,53,16
15d21h19m-16d03h19m:17,40,17,46
15d06h12m-15d09h12m:12,30,20,30
15d09h55m-15d15h55m:18,30,27,30
15d03h41m-15d09h41m:69,32,69,36
15d00h38m-15d04h38m:43,46,50,46
15d21h40m-16d01h40m:18,16,26,16
15d16h21m-15d20h21m:11,30,11,35
16d11h14m-16d14h14m:12,23,12,32
16d21h46m-17d00h46m:59,48,59,50
16d05h50m-16d10h50m:52,1,52,9
16d07h55m-16d12h55m:10,28,10,31
16d00h16m-16d05h16m:54,19,54,22
16d02h31m-16d05h31m:53,26,53,33
16d15h06m-16d21h06m:9,3,9,11
16d22h46m-17d00h46m:11,10,21,10
16d04h28m-16d10h28m:16,11,26,11
16d08h20m-16d14h20m:70,4,70,4
17d23h55m-18d01h55m:54,43,60,43
17d20h34m-17d23h34m:46,41,53,41
17d08h06m-17d14h06m:11,9,19,9
17d16h02m-17d20h02m:49,23,52,23
17d10h38m-17d12h38m:10,38,10,47
17d08h21m-17d14h21m:30,16,30,21
17d06h16m-17d11h16m:65,48,65,50
17d01h46m-17d07h46m:4,18,12,18
17d06h02m-17d08h02m:12,48,12,50
17d13h49m-17d17h49m:64,32,70,32
18d16h06m-18d22h06m:28,15,28,23
18d06h09m-18d10h09m:49,26,49,35
18d11h43m-18d15h43m:9,0,9,3
18d15h32m-18d21h32m:17,0,17,5
18d21h51m-19d03h51m:16,38,16,47
18d08h22m-18d10h22m:37,24,37,31
18d10h49m-18d15h49m:6,22,10,22
18d06h54m-18d09h54m:31,2,41,2
18d09h29m-18d12h29m:45,41,52,41
18d22h41m-19d04h41m:10,47,16,47
19d05h18m-19d10h18m:5,5,5,14
19d22h48m-20d01h48m:9,49,14,49
19d00h56m-19d05h56m:66,24,70,24
19d22h13m-20d02h13m:18,10,18,20
19d20h10m-20d02h10m:42,47,45,47
19d15h21m-19d18h21m:52,19,55,19
19d22h30m-20d00h30m:4,2,13,2
19d23h09m-20d03h09m:35,16,35,26
19d11h53m-19d16h53m:13,36,13,39
19d11h15m-19d14h15m:56,3,56,11
20d02h34m-20d07h34m:66,44,66,50
20d03h13m-20d07h13m:29,39,29,47
20d04h43m-20d09h43m:62,28,70,28
20d02h26m-20d04h26m:23,21,28,21
20d14h12m-20d16h12m:3,36,9,36
20d18h25m-20d23h25m:53,19,60,19
20d10h56m-20d13h56m:25,18,25,27
20d12h42m-20d14h42m:12,13,12,18
20d21h17m-21d01h17m:48,25,48,29
20d17h59m-20d21h59m:48,39,52,39
21d03h56m-21d07h56m:61,3,61,11
21d08h11m-21d14h11m:34,4,34,9
21d15h39m-21d21h39m:49,45,53,45
21d21h59m-21d23h59m:38,7,38,13
21d03h14m-21d07h14m:13,8,16,8
21d14h40m-21d18h40m:35,28,42,28
21d12h09m-21d17h09m:61,20,61,27
21d15h13m-21d21h13m:54,23,54,30
21d13h33m-21d18h33m:50,28,50,37
21d19h54m-22d00h54m:64,25,64,35
22d12h01m-22d15h01m:0,32,0,37
22d05h16m-22d11h16m:3,3,3,9
22d10h56m-22d16h56m:68,13,70,13
22d04h39m-22d06h39m:9,33,18,33
22d09h09m-22d12h09m:58,3,67,3
22d20h27m-22d22h27m:33,0,33,3
22d07h24m-22d11h24m:41,24,41,29
22d19h28m-23d01h28m:65,13,70,13
22d13h36m-22d19h36m:25,48,30,48
22d20h10m-22d22h10m:5,23,13,23
23d06h01m-23d10h01m:66,38,70,38
23d12h21m-23d16h21m:65,46,70,46
23d00h56m-23d02h56m:11,45,11,48
23d03h45m-23d05h45m:43,50,43,50
23d12h42m-23d18h42m:20,2,30,2
23d20h18m-24d00h18m:30,47,34,47
23d18h22m-23d21h22m:5,1,8,1
23d17h50m-23d19h50m:58,24,66,24
23d13h47m-23d16h47m:44,25,51,25
23d16h12m-23d22h12m:52,45,55,45
24d01h47m-24d04h47m:56,18,60,18
24d23h10m-25d03h10m:25,37,29,37
24d07h33m-24d11h33m:21,11,21,17
24d16h03m-24d19h03m:63,9,63,18
24d10h58m-24d15h58m:43,30,43,33
24d10h11m-24d13h11m:45,1,50,1
24d06h15m-24d11h15m:39,17,45,17
24d15h28m-24d21h28m:9,27,9,37
24d18h27m-24d20h27m:38,20,43,20
24d23h41m-25d02h41m:61,44,67,44
25d04h14m-25d09h14m:23,42,23,49
25d03h34m-25d08h34m:29,10,38,10
25d16h37m-25d21h37m:66,50,70,50
25d12h53m-25d15h53m:29,2,33,2
25d15h41m-25d19h41m:9,28,9,34
25d12h36m-25d14h36m:69,13,70,13
25d05h30m-25d08h30m:62,38,68,38
25d16h59m-25d19h59m:38,21,46,21
25d20h19m-26d01h19m:32,21,42,21
25d03h44m-25d08h44m:9,29,14,29
26d10h22m-26d13h22m:27,42,34,42
26d09h34m-26d15h34m:33,11,33,16
26d14h35m-26d17h35m:7,20,11,20
26d12h11m-26d16h11m:28,39,34,39
26d09h10m-26d11h10m:38,21,41,21
26d17h32m-26d19h32m:63,1,68,1
26d10h14m-26d13h14m:62,26,62,31
26d10h47m-26d15h47m:70,1,70,1
26d03h08m-26d09h08m:22,8,22,15
26d23h13m-27d04h13m:69,47,69,50
27d15h05m-27d18h05m:38,12,48,12
27d23h34m-28d02h34m:54,43,61,43
27d09h13m-27d12h13m:43,48,43,50
27d21h01m-28d01h01m:44,5,53,5
27d21h21m-28d00h21m:62,17,62,25
27d23h01m-28d04h01m:70,43,70,49
27d19h49m-27d22h49m:17,43,22,43
27d08h32m-27d11h32m:63,45,69,45
27d23h18m-28d04h18m:55,42,55,49
27d08h31m-27d13h31m:39,6,46,6
28d09h09m-28d14h09m:51,24,58,24
28d18h03m-28d20h03m:23,29,27,29
28d15h12m-28d18h12m:16,42,24,42
28d01h26m-28d03h26m:5,14,13,14
28d12h47m-28d18h47m:11,46,16,46
28d13h26m-28d16h26m:43,6,43,14
28d11h15m-28d17h15m:67,0,67,10
28d23h01m-29d03h01m:11,28,11,36
28d14h11m-28d19h11m:0,17,0,26
28d14h24m-28d17h24m:47,9,57,9
29d18h51m-29d23h51m:33,43,40,43
29d10h10m-29d12h10m:46,7,54,7
29d12h26m-29d17h26m:44,11,50,11
29d14h29m-29d17h29m:2,24,2,34
29d10h24m-29d15h24m:52,31,56,31
29d02h37m-29d05h37m:41,17,41,20
29d11h37m-29d17h37m:52,16,52,22
29d20h56m-30d00h56m:63,50,63,50
29d12h18m-29d18h18m:68,46,68,50
29d15h26m-29d18h26m:5,22,14,22
30d03h42m-30d05h42m:62,18,62,27
30d00h25m-30d06h25m:44,8,50,8
30d02h36m-30d07h36m:54,5,54,11
30d05h29m-30d11h29m:34,31,43,31
30d05h52m-30d08h52m:64,40,64,48
30d07h59m-30d09h59m:3,31,6,31
30d04h19m-30d07h19m:62,23,62,28
30d11h07m-30d15h07m:46,11,49,11
30d03h29m-30d09h29m:23,28,23,33
30d16h29m-30d18h29m:23,42,29,42
