01d16h19m-01d22h19m:66,27,66,34
01d01h56m-01d07h56m:23,24,33,24
01d09h44m-01d12h44m:61,25,69,25
01d12h18m-01d14h18m:10,11,16,11
01d16h22m-01d19h22m:48,26,48,36
01d10h12m-01d15h12m:63,9,63,18
01d19h54m-01d22h54m:29,31,29,37
01d06h36m-01d08h36m:7,14,7,22
01d09h39m-01d12h39m:0,17,7,17
01d08h21m-01d12h21m:65,5,70,5
02d10h21m-02d12h21m:25,50,35,50
02d16h20m-02d20h20m:32,27,40,27
02d14h27m-02d17h27m:60,2,60,9
02d23h35m-03d02h35m:24,28,24,37
02d23h03m-03d03h03m:68,1,68,5
02d02h41m-02d06h41m:43,47,43,50
02d19h19m-02d22h19m:7,38,7,44
02d16h23m-02d18h23m:40,50,40,50
02d22h15m-03d02h15m:33,6,33,12
02d20h02m-03d02h02m:19,23,19,32
03d09h51m-03d11h51m:23,0,30,0
03d19h06m-03d21h06m:28,11,28,15
03d18h17m-03d23h17m:54,1,61,1
03d10h11m-03d15h11m:6,43,9,43
03d18h40m-03d21h40m:24,36,24,42
03d09h03m-03d12h03m:41,42,41,50
03d10h22m-03d15h22m:68,49,70,49
03d08h39m-03d11h39m:57,39,61,39
03d08h43m-03d13h43m:61,28,61,32
03d23h11m-04d02h11m:27,43,27,50
04d10h15m-04d14h15m:51,32,54,32
04d07h10m-04d13h10m:9,25,12,25
04d21h31m-04d23h31m:17,0,17,10
04d03h27m-04d06h27m:48,20,48,23
04d17h29m-04d20h29m:13,36,13,41
04d22h23m-05d03h23m:20,20,24,20
04d21h26m-05d00h26m:69,11,69,16
04d11h39m-04d14h39m:37,30,37,40
04d15h52m-04d21h52m:56,2,56,10
04d21h17m-04d23h17m:34,34,34,44
05d03h22m-05d06h22m:35,42,35,46
05d11h23m-05d17h23m:29,15,29,21
05d10h40m-05d13h40m:6,27,15,27
05d20h20m-05d22h20m:38,29,45,29
05d15h11m-05d18h11m:21,32,21,40
05d09h52m-05d13h52m:63,44,63,50
05d03h02m-05d08h02m:53,24,60,24
05d12h27m-05d14h27m:43,42,50,42
05d04h10m-05d07h10m:7,50,7,50
05d14h46m-05d19h46m:22,50,22,50
06d03h22m-06d05h22m:29,26,29,29
06d10h11m-06d15h11m:63,20,70,20
06d14h47m-06d17h47m:17,34,20,34
06d13h23m-06d16h23m:2,48,2,50
06d18h30m-06d23h30m:38,7,38,10
06d20h05m-06d22h05m:20,38,30,38
06d04h45m-06d06h45m:31,37,31,43
06d21h09m-07d01h09m:30,23,30,29
06d03h11m-06d08h11m:53,36,53,42
06d18h46m-06d22h46m:47,47,47,50
07d16h13m-07d19h13m:33,49,33,50
07d10h14m-07d16h14m:15,2,24,2
07d02h25m-07d08h25m:22,12,22,18
07d13h09m-07d15h09m:8,31,8,40
07d09h53m-07d13h53m:61,45,61,50
07d00h42m-07d02h42m:3,37,9,37
07d03h18m-07d06h18m:14,37,14,46
07d00h26m-07d05h26m:20,1,20,11
07d04h15m-07d08h15m:55,17,62,17
07d16h14m-07d18h14m:31,11,35,11
08d08h30m-08d11h30m:1,5,1,8
08d12h24m-08d16h24m:40,21,45,21
08d00h54m-08d02h54m:70,23,70,31
08d22h17m-09d03h17m:27,16,27,20
08d07h02m-08d11h02m:54,13,61,13
08d13h30m-08d15h30m:28,19,28,23
08d23h58m-09d05h58m:13,43,13,46
08d08h45m-08d10h45m:0,24,7,24
08d19h33m-09d00h33m:8,21,8,27
08d21h28m-08d23h28m:70,47,70,47
09d22h35m-10d04h35m:69,16,69,22
09d04h22m-09d10h22m:38,49,38,50
09d19h20m-10d00h20m:20,8,20,13
09d18h10m-09d20h10m:26,31,34,31
09d23h53m-10d02h53m:34,15,40,15
09d19h04m-09d21h04m:50,26,55,26
09d09h16m-09d13h16m:70,14,70,21
09d17h21m-09d22h21m:49,17,59,17
09d06h40m-09d09h40m:50,41,56,41
09d19h31m-09d22h31m:46,3,46,12
10d23h47m-11d05h47m:66,38,66,44
10d10h52m-10d16h52m:29,17,29,25
10d00h32m-10d06h32m:50,3,58,3
10d22h57m-11d01h57m:54,7,64,7
10d02h36m-10d06h36m:41,42,47,42
10d04h16m-10d10h16m:44,34,44,40
10d16h04m-10d19h04m:20,38,28,38
10d21h26m-11d03h26m:41,20,41,29
10d02h22m-10d07h22m:7,14,7,23
10d22h45m-11d03h45m:56,21,56,26
11d05h54m-11d09h54m:3,23,3,33
11d20h13m-12d02h13m:61,30,69,30
11d04h11m-11d07h11m:49,45,57,45
11d09h18m-11d13h18m:42,22,42,26
11d21h27m-12d03h27m:12,32,18,32
11d14h56m-11d17h56m:3,9,13,9
11d10h40m-11d13h40m:38,5,45,5
11d01h43m-11d05h43m:32,36,41,36
11d16h14m-11d20h14m:52,1,62,1
11d14h23m-11d19h23m:16,27,16,35
12d22h27m-13d00h27m:63,23,63,28
12d13h12m-12d15h12m:19,31,26,31
12d23h21m-13d04h21m:62,34,62,39
12d08h38m-12d10h38m:62,7,62,14
12d09h54m-12d15h54m:57,19,57,26
12d10h23m-12d15h23m:64,30,68,30
12d08h21m-12d12h21m:21,27,21,33
12d20h10m-12d22h10m:15,26,15,34
12d05h29m-12d08h29m:39,50,39,50
12d01h29m-12d06h29m:7,19,14,19
13d20h40m-13d22h40m:20,14,20,17
13d16h27m-13d20h27m:6,26,6,35
13d11h55m-13d15h55m:17,35,17,41
13d00h56m-13d02h56m:67,12,67,21
13d02h13m-13d07h13m:10,38,10,47
13d09h38m-13d14h38m:21,37,21,42
13d04h22m-13d06h22m:70,41,70,41
13d22h36m-14d02h36m:6,35,16,35
13d12h21m-13d14h21m:37,11,37,17
13d00h34m-13d04h34m:49,49,49,50
14d06h42m-14d11h42m:49,26,55,26
14d21h34m-15d03h34m:39,20,39,24
14d18h54m-14d23h54m:27,50,36,50
14d08h42m-14d14h42m:46,42,46,50
14d01h52m-14d06h52m:25,4,30,4
14d05h02m-14d09h02m:26,38,26,48
14d19h43m-14d21h43m:60,34,64,34
14d12h48m-14d18h48m:36,22,36,29
14d13h34m-14d15h34m:18,29,18,37
14d03h39m-14d05h39m:65,3,65,7
15d09h36m-15d13h36m:6,5,10,5
15d07h01m-15d10h01m:16,2,21,2
15d10h41m-15d12h41m:63,42,70,42
15d21h14m-16d01h14m:40,24,40,31
15d16h37m-15d22h37m:34,9,34,19
15d19h35m-15d21h35m:60,34,66,34
15d18h48m-15d23h48m:42,0,52,0
15d08h12m-15d10h12m:28,20,28,28
15d02h50m-15d05h50m:59,44,68,44
15d14h32m-15d19h32m:28,45,32,45
16d22h38m-17d04h38m:24,21,29,21
16d10h19m-16d12h19m:13,5,18,5
16d18h31m-16d22h31m:38,22,47,22
16d15h39m-16d20h39m:69,26,70,26
16d13h26m-16d18h26m:32,38,32,42
16d06h35m-16d09h35m:13,27,16,27
16d10h03m-16d15h03m:31,47,41,47
16d08h38m-16d10h38m:28,3,31,3
16d03h59m-16d08h59m:25,41,29,41
16d03h40m-16d08h40m:28,10,34,10
17d16h52m-17d22h52m:64,31,70,31
17d13h19m-17d15h19m:29,0,33,0
17d13h05m-17d15h05m:3,11,3,20
17d18h13m-17d21h13m:0,29,8,29
17d17h40m-17d20h40m:54,35,54,45
17d04h35m-17d06h35m:3,6,10,6
17d20h13m-18d01h13m:70,14,70,14
17d08h41m-17d14h41m:13,9,13,17
17d11h40m-17d14h40m:2,34,2,37
17d08h56m-17d10h56m:16,38,16,46
18d14h39m-18d20h39m:37,48,37,50
18d03h17m-18d07h17m:61,46,67,46
18d20h03m-19d02h03m:0,8,0,16
18d03h12m-18d09h12m:18,30,18,40
18d22h06m-19d04h06m:65,40,65,48
18d17h19m-18d23h19m:38,40,43,40
18d03h58m-18d07h58m:59,40,59,47
18d04h08m-18d10h08m:62,5,69,5
18d21h29m-19d03h29m:40,30,40,38
18d15h18m-18d19h18m:46,9,46,12
19d00h57m-19d03h57m:31,29,36,29
19d00h04m-19d02h04m:48,29,48,35
19d19h06m-20d01h06m:70,27,70,27
19d17h43m-19d21h43m:18,33,18,41
19d06h02m-19d12h02m:55,14,59,14
19d11h15m-19d15h15m:30,11,30,15
19d05h57m-19d07h57m:31,9,37,9
19d02h13m-19d07h13m:65,23,65,32
19d21h56m-20d00h56m:61,12,61,16
19d11h28m-19d13h28m:30,10,30,20
20d07h53m-20d13h53m:59,25,59,29
20d13h02m-20d15h02m:6,27,11,27
20d13h04m-20d15h04m:60,39,60,47
20d15h25m-20d20h25m:26,27,26,34
20d18h52m-21d00h52m:20,13,20,20
20d18h03m-20d20h03m:47,0,53,0
20d17h08m-20d22h08m:64,14,64,18
20d07h20m-20d13h20m:23,50,28,50
20d13h53m-20d16h53m:63,44,68,44
20d17h35m-20d20h35m:38,48,38,50
21d05h18m-21d11h18m:69,23,69,26
21d10h49m-21d14h49m:31,20,31,23
21d04h52m-21d06h52m:55,27,55,33
21d01h42m-21d05h42m:47,13,54,13
21d14h00m-21d17h00m:4,15,9,15
21d06h08m-21d08h08m:47,5,47,15
21d00h11m-21d02h11m:23,16,30,16
21d11h02m-21d17h02m:25,8,33,8
21d15h49m-21d17h49m:35,41,35,45
21d19h54m-21d23h54m:48,21,48,25
22d01h58m-22d07h58m:20,48,20,50
22d02h56m-22d05h56m:42,32,51,32
22d05h21m-22d11h21m:66,47,66,50
22d11h24m-22d14h24m:44,14,44,23
22d17h50m-22d21h50m:8,20,11,20
22d06h38m-22d12h38m:67,4,67,11
22d17h24m-22d21h24m:24,11,24,16
22d04h20m-22d09h20m:19,19,19,24
22d04h24m-22d09h24m:47,23,56,23
22d05h25m-22d09h25m:41,39,41,46
23d12h46m-23d18h46m:12,49,18,49
23d13h50m-23d17h50m:3,31,8,31
23d04h18m-23d07h18m:17,5,17,8
23d17h39m-23d19h39m:66,14,66,18
23d02h34m-23d05h34m:19,20,24,20
23d11h39m-23d14h39m:7,28,14,28
23d14h37m-23d17h37m:20,9,20,18
23d18h25m-24d00h25m:13,4,13,13
23d11h18m-23d14h18m:31,21,31,29
23d11h47m-23d16h47m:59,10,59,20
24d18h29m-24d21h29m:4,15,9,15
24d18h04m-25d00h04m:41,28,41,35
24d11h16m-24d14h16m:30,0,30,4
24d07h28m-24d10h28m:68,40,68,48
24d14h49m-24d17h49m:25,34,35,34
24d16h34m-24d19h34m:52,44,52,50
24d01h49m-24d06h49m:45,50,45,50
24d20h42m-24d23h42m:24,36,29,36
24d02h23m-24d04h23m:25,29,25,36
24d02h24m-24d06h24m:15,3,15,11
25d16h01m-25d19h01m:11,21,17,21
25d20h22m-25d23h22m:21,20,24,20
25d06h13m-25d12h13m:46,38,46,48
25d18h21m-25d20h21m:3,19,11,19
25d06h05m-25d11h05m:31,6,31,12
25d05h02m-25d08h02m:18,47,28,47
25d14h13m-25d19h13m:9,37,17,37
25d10h35m-25d12h35m:33,29,33,32
25d08h39m-25d10h39m:1,22,11,22
25d14h17m-25d18h17m:53,35,53,42
26d03h46m-26d09h46m:47,30,55,30
26d08h21m-26d14h21m:1,29,8,29
26d06h38m-26d10h38m:49,28,59,28
26d05h29m-26d11h29m:21,21,24,21
26d10h00m-26d14h00m:43,36,53,36
26d17h21m-26d20h21m:30,17,30,26
26d16h13m-26d20h13m:30,42,36,42
26d15h18m-26d17h18m:23,29,30,29
26d06h22m-26d10h22m:20,30,20,33
26d22h22m-27d02h22m:18,41,18,45
27d18h00m-27d22h00m:58,46,64,46
27d19h03m-28d00h03m:33,7,37,7
27d18h46m-27d23h46m:50,29,55,29
27d04h22m-27d07h22m:20,45,20,50
27d17h05m-27d21h05m:32,34,35,34
27d11h29m-27d13h29m:27,5,32,5
27d16h04m-27d20h04m:8,46,16,46
27d07h38m-27d09h38m:2,22,6,22
27d02h35m-27d05h35m:24,5,32,5
27d09h29m-27d11h29m:16,12,16,15
28d05h37m-28d11h37m:20,3,28,3
28d07h23m-28d12h23m:38,32,46,32
28d23h12m-29d05h12m:34,48,39,48
28d11h15m-28d14h15m:36,38,43,38
28d11h38m-28d16h38m:48,25,58,25
28d02h51m-28d05h51m:32,20,32,30
28d17h16m-28d22h16m:17,18,17,27
28d22h57m-29d02h57m:25,8,25,14
28d19h03m-28d23h03m:24,17,33,17
28d01h55m-28d07h55m:9,39,17,39
29d03h16m-29d05h16m:27,8,34,8
29d02h09m-29d08h09m:27,49,27,50
29d20h26m-29d22h26m:30,7,30,14
29d07h02m-29d12h02m:18,50,18,50
29d00h22m-29d06h22m:39,35,39,41
29d12h59m-29d14h59m:1,14,1,18
29d22h55m-30d01h55m:69,0,70,0
29d00h48m-29d02h48m:16,23,16,28
29d12h28m-29d15h28m:22,15,22,20
29d13h51m-29d17h51m:59,34,59,43
30d06h04m-30d09h04m:59,50,67,50
30d23h51m-31d01h51m:45,48,50,48
30d10h01m-30d12h01m:31,24,40,24
30d16h58m-30d21h58m:31,48,31,50
30d18h25m-31d00h25m:2,16,6,16
30d21h15m-31d02h15m:50,22,50,32
30d15h53m-30d19h53m:36,21,36,29
30d17h52m-30d23h52m:18,8,18,14
30d13h43m-30d16h43m:37,9,41,9
30d03h04m-30d06h04m:51,39,54,39
