01d07h25m-01d10h25m:64,36,64,41
01d02h59m-01d06h59m:52,44,52,50
01d08h07m-01d10h07m:35,1,35,9
01d04h31m-01d07h31m:38,26,42,26
01d22h14m-02d01h14m:12,14,16,14
01d19h02m-01d23h02m:70,21,70,21
01d13h20m-01d16h20m:10,28,14,28
01d15h02m-01d19h02m:58,9,58,17
01d17h16m-01d23h16m:8,6,8,9
01d19h35m-01d22h35m:69,16,69,25
02d21h48m-03d02h48m:60,23,68,23
02d12h55m-02d14h55m:31,47,31,50
02d00h07m-02d05h07m:2,27,9,27
02d00h16m-02d04h16m:35,0,35,3
02d01h41m-02d03h41m:62,47,70,47
02d07h27m-02d11h27m:28,45,28,50
02d23h38m-03d03h38m:25,34,28,34
02d07h58m-02d10h58m:48,28,53,28
02d02h04m-02d05h04m:54,45,54,50
02d23h48m-03d04h48m:30,8,34,8
03d02h25m-03d05h25m:64,48,64,50
03d08h21m-03d14h21m:38,9,47,9
03d23h11m-04d03h11m:36,3,36,12
03d10h56m-03d12h56m:34,24,44,24
03d15h33m-03d20h33m:56,16,62,16
03d22h50m-04d01h50m:11,44,20,44
03d03h37m-03d05h37m:11,28,14,28
03d11h33m-03d17h33m:40,0,40,9
03d06h07m-03d11h07m:7,41,17,41
03d11h10m-03d17h10m:54,44,60,44
04d02h25m-04d04h25m:59,36,63,36
04d02h30m-04d06h30m:46,14,51,14
04d02h42m-04d07h42m:32,20,32,24
04d04h09m-04d07h09m:37,39,44,39
04d09h53m-04d14h53m:25,36,25,45
04d17h13m-04d19h13m:58,2,65,2
04d05h12m-04d08h12m:36,20,36,26
04d20h16m-04d23h16m:1,47,5,47
04d20h10m-05d02h10m:70,2,70,2
04d22h18m-05d04h18m:43,1,47,1
05d13h21m-05d18h21m:4,33,4,41
05d11h17m-05d15h17m:28,14,36,14
05d18h34m-05d21h34m:28,13,31,13
05d19h26m-05d23h26m:18,50,18,50
05d22h15m-06d03h15m:66,34,70,34
05d18h25m-05d22h25m:40,19,49,19
05d09h13m-05d12h13m:37,20,44,20
05d05h57m-05d07h57m:3,39,9,39
05d20h47m-06d02h47m:1,24,1,33
05d00h42m-05d04h42m:10,29,10,38
06d18h14m-07d00h14m:4,35,4,43
06d13h12m-06d18h12m:53,38,62,38
06d23h33m-07d04h33m:9,40,9,43
06d07h09m-06d10h09m:18,27,23,27
06d04h44m-06d07h44m:41,30,51,30
06d09h31m-06d12h31m:65,15,65,24
06d23h30m-07d03h30m:35,50,35,50
06d00h19m-06d05h19m:37,46,41,46
06d18h10m-06d20h10m:59,49,59,50
06d11h06m-06d15h06m:16,21,16,27
07d02h01m-07d05h01m:67,14,67,21
07d05h03m-07d07h03m:18,15,21,15
07d19h01m-07d23h01m:4,17,14,17
07d10h06m-07d12h06m:41,27,41,34
07d01h56m-07d03h56m:69,4,70,4
07d02h53m-07d07h53m:10,30,10,33
07d06h23m-07d12h23m:38,23,38,32
07d08h08m-07d10h08m:17,23,17,32
07d17h46m-07d22h46m:35,5,45,5
07d02h59m-07d08h59m:7,22,7,26
08d14h10m-08d18h10m:23,40,23,48
08d21h07m-09d03h07m:68,27,68,33
08d14h19m-08d20h19m:60,33,64,33
08d20h18m-09d02h18m:45,43,51,43
08d18h20m-08d21h20m:23,13,26,13
08d16h53m-08d19h53m:16,33,22,33
08d22h40m-09d01h40m:3,9,11,9
08d01h56m-08d05h56m:60,16,65,16
08d07h47m-08d09h47m:41,23,41,33
08d09h33m-08d15h33m:49,32,49,38
09d18h07m-09d20h07m:32,9,42,9
09d02h37m-09d04h37m:59,32,65,32
09d14h17m-09d17h17m:34,48,44,48
09d21h41m-10d00h41m:19,33,23,33
09d02h43m-09d07h43m:0,13,0,16
09d23h41m-10d05h41m:49,17,49,20
09d16h56m-09d21h56m:3,27,3,32
09d11h12m-09d13h12m:61,5,66,5
09d10h46m-09d14h46m:11,42,20,42
09d03h55m-09d07h55m:38,16,46,16
10d23h49m-11d05h49m:27,2,27,8
10d01h32m-10d05h32m:37,28,45,28
10d08h26m-10d14h26m:43,21,48,21
10d05h47m-10d08h47m:54,12,64,12
10d21h51m-11d01h51m:54,46,62,46
10d16h31m-10d21h31m:12,33,15,33
10d22h50m-11d00h50m:62,42,62,46
10d14h47m-10d19h47m:60,12,63,12
10d03h59m-10d07h59m:45,37,45,42
10d07h56m-10d10h56m:54,19,54,29
11d20h28m-12d00h28m:18,11,18,20
11d22h48m-12d03h48m:2,42,2,49
11d18h16m-11d23h16m:41,30,48,30
11d01h33m-11d07h33m:40,47,49,47
11d17h05m-11d21h05m:26,10,26,14
11d17h49m-11d19h49m:2,44,6,44
11d14h47m-11d19h47m:50,17,50,23
11d07h05m-11d12h05m:57,15,64,15
11d18h57m-11d21h57m:41,37,51,37
11d18h41m-11d20h41m:29,19,39,19
12d01h56m-12d07h56m:49,17,55,17
12d16h30m-12d21h30m:9,38,9,42
12d05h22m-12d07h22m:62,25,62,29
12d07h51m-12d13h51m:54,4,64,4
12d05h50m-12d09h50m:14,13,14,21
12d05h11m-12d07h11m:17,3,24,3
12d02h41m-12d06h41m:1,32,1,36
12d20h32m-12d23h32m:5,42,8,42
12d10h40m-12d15h40m:68,20,68,27
12d15h02m-12d19h02m:18,33,18,38
13d03h18m-13d08h18m:5,30,5,34
13d05h54m-13d08h54m:35,9,35,16
13d18h25m-13d22h25m:30,11,34,11
13d14h18m-13d18h18m:32,14,32,21
13d11h31m-13d17h31m:40,32,47,32
13d14h25m-13d19h25m:4,24,7,24
13d00h14m-13d03h14m:62,2,62,8
13d04h08m-13d09h08m:45,46,45,50
13d21h07m-14d00h07m:30,37,30,40
13d21h45m-14d02h45m:40,12,43,12
14d14h56m-14d18h56m:20,33,25,33
14d00h04m-14d03h04m:12,18,19,18
14d05h18m-14d11h18m:9,32,19,32
14d13h36m-14d16h36m:56,32,59,32
14d02h04m-14d06h04m:54,9,54,16
14d13h12m-14d19h12m:33,29,33,32
14d08h18m-14d11h18m:53,44,53,50
14d14h31m-14d20h31m:34,48,34,50
14d20h44m-15d01h44m:10,27,10,32
14d10h17m-14d16h17m:34,14,42,14
15d12h10m-15d16h10m:38,39,46,39
15d08h24m-15d12h24m:31,13,31,21
15d05h29m-15d08h29m:38,44,46,44
15d09h12m-15d15h12m:19,27,19,30
15d15h37m-15d17h37m:65,4,70,4
15d19h04m-15d22h04m:7,31,15,31
15d11h32m-15d16h32m:10,50,15,50
15d20h46m-15d22h46m:43,0,48,0
15d08h30m-15d11h30m:13,24,20,24
15d20h05m-16d01h05m:7,37,12,37
16d03h03m-16d07h03m:69,44,70,44
16d14h37m-16d20h37m:40,7,49,7
16d06h57m-16d11h57m:54,46,59,46
16d04h07m-16d09h07m:33,48,39,48
16d15h18m-16d19h18m:12,16,12,23
16d12h36m-16d14h36m:47,43,47,47
16d10h43m-16d13h43m:16,39,25,39
16d19h46m-16d22h46m:20,50,26,50
16d01h07m-16d05h07m:62,24,62,31
16d02h18m-16d06h18m:29,6,29,15
17d02h40m-17d05h40m:41,20,44,20
17d02h25m-17d05h25m:13,32,13,42
17d19h00m-18d01h00m:34,15,40,15
17d18h41m-18d00h41m:23,19,29,19
17d21h51m-18d02h51m:43,16,43,26
17d18h35m-18d00h35m:65,29,69,29
17d06h37m-17d11h37m:4,31,8,31
17d01h39m-17d06h39m:60,5,65,5
17d15h43m-17d21h43m:12,31,22,31
17d07h12m-17d10h12m:9,9,9,17
18d10h35m-18d16h35m:28,32,28,38
18d03h02m-18d08h02m:64,36,64,43
18d20h26m-19d02h26m:15,47,15,50
18d07h54m-18d11h54m:69,23,70,23
18d20h37m-18d23h37m:55,6,61,6
18d13h14m-18d18h14m:36,27,42,27
18d14h44m-18d20h44m:42,43,51,43
18d17h35m-18d22h35m:68,32,70,32
18d02h04m-18d05h04m:54,49,54,50
18d09h45m-18d15h45m:24,21,24,24
19d05h15m-19d08h15m:59,17,68,17
19d09h33m-19d15h33m:15,19,22,19
19d07h54m-19d12h54m:11,8,11,14
19d14h13m-19d16h13m:68,18,70,18
19d02h00m-19d04h00m:60,30,60,40
19d03h23m-19d06h23m:15,35,24,35
19d03h18m-19d07h18m:41,44,41,50
19d20h28m-19d23h28m:11,22,18,22
19d01h47m-19d05h47m:17,40,17,47
19d06h53m-19d11h53m:25,20,25,28
20d05h49m-20d08h49m:9,30,9,34
20d11h01m-20d15h01m:12,36,20,36
20d07h29m-20d13h29m:39,48,46,48
20d08h31m-20d14h31m:24,5,24,12
20d23h36m-21d04h36m:31,7,41,7
20d15h14m-20d17h14m:12,12,12,22
20d05h36m-20d09h36m:39,4,39,14
20d20h40m-21d02h40m:24,13,30,13
20d07h56m-20d12h56m:20,41,30,41
20d17h03m-20d22h03m:13,47,13,50
21d03h03m-21d05h03m:70,4,70,11
21d17h11m-21d20h11m:30,44,30,47
21d00h19m-21d06h19m:7,0,16,0
21d15h12m-21d21h12m:1,46,1,50
21d22h26m-22d02h26m:48,29,48,38
21d00h39m-21d03h39m:39,48,39,50
21d06h46m-21d12h46m:15,27,18,27
21d21h09m-22d01h09m:63,21,63,27
21d23h31m-22d03h31m:62,10,68,10
21d18h21m-21d21h21m:23,1,32,1
22d23h17m-23d04h17m:12,14,19,14
22d02h33m-22d06h33m:4,35,4,45
22d15h52m-22d18h52m:3,36,10,36
22d03h19m-22d05h19m:1,19,1,26
22d04h28m-22d09h28m:21,37,29,37
22d17h01m-22d19h01m:66,3,70,3
22d10h18m-22d15h18m:27,7,31,7
22d17h02m-22d23h02m:51,2,56,2
22d11h11m-22d16h11m:36,8,40,8
22d12h47m-22d16h47m:18,32,23,32
23d23h38m-24d03h38m:32,4,32,14
23d09h24m-23d14h24m:10,7,10,10
23d12h45m-23d14h45m:53,16,59,16
23d16h56m-23d18h56m:69,2,70,2
23d17h57m-23d22h57m:4,11,4,16
23d06h29m-23d08h29m:20,10,20,18
23d02h39m-23d07h39m:29,38,38,38
23d20h08m-24d01h08m:52,1,52,10
23d01h20m-23d06h20m:35,35,38,35
23d02h48m-23d05h48m:20,19,20,22
24d08h40m-24d12h40m:61,47,70,47
24d12h59m-24d17h59m:41,26,45,26
24d16h12m-24d21h12m:22,43,22,50
24d05h01m-24d10h01m:18,3,22,3
24d18h45m-24d23h45m:42,38,48,38
24d06h46m-24d10h46m:18,0,18,8
24d13h21m-24d18h21m:53,45,53,50
24d12h47m-24d17h47m:45,5,45,8
24d00h13m-24d04h13m:45,47,45,50
24d06h49m-24d10h49m:44,48,53,48
25d23h49m-26d02h49m:18,30,18,36
25d03h14m-25d08h14m:60,23,60,29
25d04h49m-25d08h49m:51,17,51,24
25d01h17m-25d06h17m:20,50,20,50
25d17h24m-25d21h24m:48,29,48,35
25d00h52m-25d04h52m:67,23,70,23
25d20h27m-25d22h27m:39,25,42,25
25d18h45m-25d23h45m:29,22,29,32
25d04h08m-25d07h08m:41,47,41,50
25d18h55m-25d21h55m:7,7,10,7
26d10h09m-26d14h09m:47,40,55,40
26d04h00m-26d09h00m:69,38,70,38
26d04h50m-26d08h50m:54,24,54,29
26d03h16m-26d05h16m:70,5,70,5
26d13h22m-26d17h22m:66,28,70,28
26d00h52m-26d06h52m:57,14,57,19
26d01h01m-26d04h01m:9,27,14,27
26d02h40m-26d08h40m:47,48,55,48
26d14h15m-26d19h15m:67,49,70,49
26d18h59m-27d00h59m:26,13,35,13
27d18h40m-27d22h40m:33,43,33,50
27d10h50m-27d12h50m:19,8,27,8
27d12h02m-27d16h02m:37,26,40,26
27d01h44m-27d06h44m:19,2,26,2
27d13h31m-27d15h31m:17,46,23,46
27d21h21m-28d03h21m:17,29,17,35
27d07h44m-27d12h44m:67,45,67,50
27d07h37m-27d10h37m:43,38,43,46
27d02h16m-27d04h16m:27,12,36,12
27d13h53m-27d15h53m:13,43,22,43
28d10h01m-28d13h01m:15,15,21,15
28d02h45m-28d07h45m:35,41,35,50
28d11h54m-28d14h54m:52,27,52,30
28d03h09m-28d05h09m:22,49,29,49
28d23h58m-29d01h58m:18,14,18,23
28d09h10m-28d13h10m:47,27,47,37
28d01h52m-28d03h52m:61,32,61,42
28d19h16m-28d22h16m:22,16,22,21
28d23h20m-29d02h20m:37,15,37,19
28d16h47m-28d22h47m:17,35,17,38
29d05h22m-29d10h22m:45,50,45,50
29d13h51m-29d17h51m:25,19,34,19
29d01h18m-29d07h18m:47,24,53,24
29d02h37m-29d05h37m:38,20,38,28
29d14h08m-29d17h08m:23,42,32,42
29d14h40m-29d17h40m:57,3,57,6
29d03h58m-29d09h58m:3,39,11,39
29d18h16m-29d20h16m:50,19,50,27
29d00h25m-29d02h25m:42,5,42,11
29d04h03m-29d06h03m:67,10,70,10
30d20h33m-31d00h33m:55,49,55,50
30d17h06m-30d21h06m:43,46,43,50
30d05h52m-30d10h52m:2,28,6,28
30d01h03m-30d03h03m:13,11,13,17
30d00h58m-30d03h58m:9,11,16,11
30d22h14m-31d01h14m:53,46,53,50
30d06h47m-30d10h47m:22,38,22,41
30d11h16m-30d13h16m:20,38,20,47
30d06h13m-30d11h13m:5,3,5,13
30d08h09m-30d14h09m:17,18,24,18
