01d18h17m-02d00h17m:10,6,10,12
01d11h13m-01d13h13m:52,25,52,35
01d23h52m-02d04h52m:0,43,0,50
01d12h09m-01d14h09m:0,11,5,11
01d01h32m-01d07h32m:18,1,18,10
01d04h46m-01d09h46m:64,36,70,36
01d05h48m-01d09h48m:59,16,67,16
01d00h46m-01d05h46m:66,28,66,32
01d13h12m-01d16h12m:3,7,3,16
01d04h10m-01d09h10m:26,49,31,49
02d18h15m-02d21h15m:10,47,15,47
02d17h57m-02d22h57m:67,27,70,27
02d05h39m-02d08h39m:13,20,21,20
02d05h23m-02d08h23m:63,7,63,14
02d06h19m-02d10h19m:37,43,45,43
02d04h19m-02d07h19m:14,46,18,46
02d00h12m-02d06h12m:18,46,21,46
02d17h37m-02d20h37m:68,4,70,4
02d01h39m-02d03h39m:36,45,36,50
02d18h10m-02d21h10m:41,15,41,18
03d22h03m-04d01h03m:56,46,56,50
03d16h52m-03d19h52m:6,36,12,36
03d17h59m-03d23h59m:10,1,15,1
03d01h29m-03d06h29m:11,28,11,32
03d09h08m-03d15h08m:50,43,50,50
03d13h45m-03d19h45m:8,28,13,28
03d13h09m-03d17h09m:53,26,53,35
03d12h58m-03d17h58m:10,1,10,5
03d06h11m-03d11h11m:47,48,47,50
03d23h00m-04d03h00m:46,28,50,28
04d07h36m-04d11h36m:62,34,62,40
04d10h53m-04d12h53m:14,35,21,35
04d03h12m-04d05h12m:65,23,65,27
04d19h50m-05d01h50m:6,30,16,30
04d17h08m-04d21h08m:61,4,61,9
04d09h28m-04d13h28m:20,33,24,33
04d05h47m-04d10h47m:3,12,12,12
04d21h59m-05d02h59m:19,21,19,27
04d17h42m-04d22h42m:56,32,61,32
04d08h26m-04d10h26m:16,39,25,39
05d15h27m-05d18h27m:35,41,39,41
05d13h32m-05d16h32m:19,38,19,47
05d19h35m-06d00h35m:42,29,42,34
05d15h54m-05d18h54m:37,45,37,50
05d09h54m-05d14h54m:3,3,8,3
05d18h56m-05d20h56m:48,1,48,6
05d20h24m-05d23h24m:19,31,19,39
05d06h50m-05d10h50m:47,32,51,32
05d11h13m-05d17h13m:26,22,26,27
05d14h37m-05d18h37m:66,9,69,9
06d00h53m-06d05h53m:52,16,52,23
06d06h49m-06d11h49m:10,10,10,18
06d20h23m-06d22h23m:44,46,49,46
06d15h15m-06d20h15m:18,26,18,34
06d04h21m-06d10h21m:62,7,62,14
06d10h51m-06d12h51m:26,39,30,39
06d06h30m-06d11h30m:36,9,44,9
06d06h07m-06d09h07m:67,46,70,46
06d06h31m-06d12h31m:3,32,3,40
06d05h53m-06d10h53m:9,32,13,32
07d12h26m-07d16h26m:15,50,15,50
07d12h20m-07d14h20m:3,45,3,49
07d05h09m-07d07h09m:0,37,0,44
07d02h14m-07d07h14m:14,2,14,11
07d06h33m-07d09h33m:16,0,24,0
07d15h24m-07d19h24m:20,11,26,11
07d18h00m-07d20h00m:33,45,38,45
07d15h46m-07d19h46m:10,11,10,19
07d12h53m-07d16h53m:6,21,6,24
07d05h53m-07d09h53m:12,29,15,29
08d14h09m-08d17h09m:18,44,18,50
08d22h48m-09d03h48m:42,25,45,25
08d20h15m-08d23h15m:2,1,10,1
08d14h44m-08d19h44m:31,43,41,43
08d21h05m-09d00h05m:62,6,70,6
08d10h54m-08d15h54m:15,38,24,38
08d09h47m-08d12h47m:39,45,39,50
08d14h01m-08d19h01m:3,41,3,46
08d14h34m-08d19h34m:13,48,17,48
08d19h42m-09d01h42m:17,34,17,38
09d21h28m-10d00h28m:20,47,26,47
09d07h42m-09d11h42m:47,43,47,46
09d05h11m-09d10h11m:16,24,25,24
09d06h03m-09d12h03m:17,46,17,50
09d03h42m-09d09h42m:46,4,46,10
09d05h31m-09d11h31m:63,27,69,27
09d14h51m-09d17h51m:53,47,57,47
09d17h22m-09d20h22m:33,17,33,21
09d22h54m-10d04h54m:44,25,44,30
09d02h43m-09d04h43m:31,17,31,23
10d21h59m-11d03h59m:29,12,38,12
10d13h00m-10d17h00m:67,3,70,3
10d19h16m-11d01h16m:25,25,25,34
10d12h35m-10d17h35m:40,50,47,50
10d13h06m-10d16h06m:2,50,10,50
10d23h04m-11d05h04m:40,47,40,50
10d10h31m-10d16h31m:40,44,40,50
10d08h49m-10d10h49m:18,19,18,25
10d13h53m-10d19h53m:59,20,59,29
10d05h08m-10d11h08m:52,50,52,50
11d04h22m-11d09h22m:49,41,55,41
11d17h48m-11d20h48m:33,17,33,21
11d08h32m-11d11h32m:17,36,17,43
11d21h08m-12d01h08m:36,21,42,21
11d06h03m-11d09h03m:28,19,37,19
11d04h33m-11d10h33m:55,25,55,34
11d07h01m-11d09h01m:63,11,63,20
11d02h47m-11d06h47m:12,27,20,27
11d11h22m-11d14h22m:66,40,66,45
11d07h31m-11d13h31m:38,7,38,13
12d13h39m-12d19h39m:49,48,49,50
12d17h12m-12d21h12m:15,10,15,18
12d17h21m-12d23h21m:62,35,62,43
12d14h56m-12d19h56m:10,15,10,25
12d15h47m-12d18h47m:20,5,20,15
12d14h33m-12d19h33m:47,45,52,45
12d05h13m-12d09h13m:25,35,32,35
12d10h09m-12d15h09m:48,4,48,10
12d21h15m-12d23h15m:66,35,70,35
12d20h40m-13d01h40m:21,50,21,50
13d01h38m-13d06h38m:36,22,36,30
13d21h13m-13d23h13m:63,50,63,50
13d14h33m-13d20h33m:68,50,70,50
13d09h33m-13d11h33m:21,42,25,42
13d02h01m-13d04h01m:55,23,61,23
13d15h48m-13d17h48m:8,39,13,39
13d22h31m-14d03h31m:53,25,59,25
13d00h56m-13d02h56m:11,17,11,20
13d07h48m-13d09h48m:60,32,60,36
13d08h24m-13d11h24m:29,14,33,14
14d09h44m-14d11h44m:29,32,33,32
14d11h50m-14d15h50m:61,30,69,30
14d15h47m-14d20h47m:36,22,36,29
14d04h54m-14d09h54m:42,8,46,8
14d08h08m-14d11h08m:47,34,47,42
14d02h03m-14d07h03m:65,20,70,20
14d08h31m-14d10h31m:7,10,7,18
14d19h04m-15d00h04m:30,40,30,43
14d05h35m-14d07h35m:52,4,52,13
14d21h28m-15d03h28m:13,11,13,20
15d23h41m-16d04h41m:50,25,50,33
15d23h31m-16d04h31m:24,44,32,44
15d18h20m-16d00h20m:69,1,70,1
15d15h18m-15d19h18m:56,20,66,20
15d04h10m-15d10h10m:55,11,55,16
15d05h41m-15d09h41m:28,12,37,12
15d12h13m-15d14h13m:29,28,39,28
15d02h47m-15d08h47m:8,32,8,36
15d22h07m-16d02h07m:50,43,55,43
15d17h58m-15d23h58m:47,11,47,16
16d01h40m-16d03h40m:30,41,30,46
16d05h14m-16d09h14m:36,30,36,35
16d19h10m-17d01h10m:32,46,32,50
16d10h49m-16d12h49m:20,14,20,23
16d19h29m-16d23h29m:21,1,28,1
16d01h42m-16d03h42m:33,15,33,18
16d15h30m-16d19h30m:55,35,63,35
16d14h35m-16d16h35m:64,2,64,7
16d02h38m-16d07h38m:57,45,57,50
16d09h32m-16d15h32m:42,2,50,2
17d06h57m-17d10h57m:55,37,63,37
17d21h06m-18d02h06m:19,34,19,43
17d10h21m-17d14h21m:12,26,19,26
17d04h25m-17d07h25m:58,21,58,24
17d17h47m-17d20h47m:29,7,29,17
17d03h58m-17d07h58m:62,31,70,31
17d00h10m-17d04h10m:4,19,4,22
17d13h36m-17d17h36m:17,2,17,8
17d11h39m-17d13h39m:48,24,48,31
17d03h22m-17d05h22m:61,31,67,31
18d11h58m-18d13h58m:2,47,10,47
18d17h54m-18d20h54m:32,46,32,49
18d02h59m-18d05h59m:15,1,25,1
18d09h46m-18d11h46m:67,13,67,20
18d17h28m-18d21h28m:14,23,22,23
18d19h20m-19d01h20m:1,47,11,47
18d10h11m-18d13h11m:63,34,63,40
18d02h20m-18d07h20m:47,30,47,33
18d06h44m-18d08h44m:23,50,23,50
18d16h06m-18d19h06m:31,32,31,37
19d01h06m-19d03h06m:19,44,29,44
19d15h38m-19d21h38m:63,6,63,12
19d16h55m-19d21h55m:41,8,51,8
19d20h41m-20d00h41m:41,28,41,35
19d06h41m-19d11h41m:4,15,4,19
19d06h45m-19d12h45m:17,40,17,47
19d07h27m-19d12h27m:26,48,30,48
19d12h24m-19d18h24m:57,45,57,49
19d07h26m-19d10h26m:66,10,66,14
19d18h01m-19d22h01m:24,26,34,26
20d19h34m-21d00h34m:14,24,14,28
20d17h25m-20d22h25m:42,41,45,41
20d22h21m-21d02h21m:5,38,8,38
20d02h39m-20d06h39m:50,34,50,40
20d11h27m-20d17h27m:2,41,2,50
20d17h32m-20d22h32m:38,19,46,19
20d17h51m-20d23h51m:34,31,34,37
20d05h25m-20d10h25m:5,8,5,17
20d02h46m-20d04h46m:54,2,54,9
20d16h49m-20d22h49m:31,18,40,18
21d01h02m-21d03h02m:65,26,65,30
21d10h14m-21d16h14m:6,8,15,8
21d20h50m-21d22h50m:3,37,8,37
21d04h20m-21d06h20m:33,27,33,33
21d23h57m-22d05h57m:19,34,19,41
21d05h11m-21d10h11m:59,19,59,28
21d05h09m-21d09h09m:14,2,23,2
21d20h16m-22d00h16m:7,50,12,50
21d06h35m-21d11h35m:37,42,37,48
21d14h30m-21d17h30m:68,7,70,7
22d23h21m-23d05h21m:34,25,34,28
22d09h10m-22d15h10m:34,43,43,43
22d19h27m-22d21h27m:4,15,10,15
22d18h04m-23d00h04m:44,7,44,15
22d03h31m-22d05h31m:46,36,49,36
22d00h20m-22d02h20m:67,5,70,5
22d15h24m-22d20h24m:41,24,49,24
22d02h02m-22d08h02m:40,39,40,45
22d22h43m-23d00h43m:56,50,56,50
22d13h23m-22d19h23m:22,21,28,21
23d17h49m-23d23h49m:13,48,17,48
23d17h02m-23d19h02m:24,40,33,40
23d23h44m-24d01h44m:2,15,2,22
23d10h43m-23d13h43m:70,44,70,50
23d14h01m-23d18h01m:9,24,9,28
23d05h18m-23d10h18m:28,36,28,42
23d19h27m-23d22h27m:55,30,55,35
23d01h04m-23d03h04m:33,38,43,38
23d12h47m-23d15h47m:51,13,51,22
23d20h58m-23d22h58m:59,22,59,27
24d18h35m-24d23h35m:28,5,28,14
24d20h15m-25d02h15m:13,2,16,2
24d12h57m-24d17h57m:48,39,58,39
24d13h01m-24d18h01m:33,40,37,40
24d13h01m-24d15h01m:49,36,52,36
24d22h24m-25d02h24m:24,43,24,49
24d17h47m-24d19h47m:55,13,55,22
24d11h55m-24d13h55m:8,29,17,29
24d17h40m-24d20h40m:19,41,24,41
24d10h03m-24d15h03m:39,13,43,13
25d17h55m-25d22h55m:17,46,24,46
25d01h07m-25d06h07m:20,18,26,18
25d06h04m-25d10h04m:36,0,39,0
25d20h22m-25d23h22m:69,40,70,40
25d23h53m-26d02h53m:7,27,7,33
25d09h48m-25d13h48m:7,32,7,41
25d00h25m-25d04h25m:46,44,53,44
25d02h52m-25d07h52m:53,13,53,17
25d19h11m-25d23h11m:65,4,70,4
25d11h38m-25d14h38m:61,26,61,36
26d15h08m-26d21h08m:44,24,52,24
26d04h38m-26d07h38m:7,18,13,18
26d00h17m-26d04h17m:1,17,9,17
26d11h37m-26d16h37m:44,12,51,12
26d06h36m-26d09h36m:60,14,66,14
26d20h21m-27d02h21m:41,44,46,44
26d04h53m-26d07h53m:56,28,66,28
26d07h12m-26d13h12m:38,33,48,33
26d01h16m-26d06h16m:45,16,45,22
26d01h24m-26d06h24m:56,45,64,45
27d04h10m-27d06h10m:37,9,46,9
27d09h34m-27d15h34m:7,1,12,1
27d13h30m-27d17h30m:33,38,33,42
27d14h17m-27d17h17m:51,28,61,28
27d00h59m-27d03h59m:67,22,70,22
27d11h11m-27d15h11m:0,25,7,25
27d21h32m-28d02h32m:55,13,61,13
27d06h59m-27d09h59m:38,33,47,33
27d19h40m-27d22h40m:22,45,30,45
27d05h26m-27d08h26m:25,20,28,20
28d05h24m-28d10h24m:32,13,40,13
28d22h20m-29d02h20m:20,28,27,28
28d14h50m-28d17h50m:58,25,58,32
28d10h10m-28d15h10m:66,19,66,28
28d05h00m-28d09h00m:33,29,39,29
28d21h59m-29d01h59m:52,27,52,30
28d01h34m-28d03h34m:35,29,35,39
28d10h36m-28d16h36m:38,10,38,20
28d10h17m-28d14h17m:36,45,45,45
28d16h01m-28d22h01m:11,16,11,21
29d23h53m-30d05h53m:61,13,61,19
29d01h25m-29d07h25m:11,3,11,12
29d02h18m-29d06h18m:37,25,42,25
29d01h06m-29d07h06m:31,3,31,13
29d10h48m-29d12h48m:23,26,23,34
29d19h23m-30d01h23m:52,4,60,4
29d17h13m-29d21h13m:48,38,57,38
29d01h00m-29d06h00m:59,39,59,46
29d08h48m-29d10h48m:35,31,35,35
29d23h48m-30d03h48m:10,8,19,8
30d11h51m-30d13h51m:62,27,70,27
30d00h57m-30d03h57m:34,35,34,42
30d08h33m-30d10h33m:17,32,26,32
30d06h57m-30d10h57m:40,18,50,18
30d20h03m-30d23h03m:6,47,6,50
30d04h16m-30d07h16m:39,5,39,11
30d23h49m-31d01h49m:0,23,9,23
30d16h27m-30d18h27m:43,8,43,13
30d23h30m-31d01h30m:60,34,67,34
30d06h40m-30d08h40m:31,32,34,32
