01d04h06m-01d07h06m:70,50,70,50
01d09h48m-01d12h48m:17,3,25,3
01d11h10m-01d16h10m:13,31,20,31
01d23h38m-02d05h38m:38,21,45,21
01d08h35m-01d12h35m:9,33,9,42
01d14h11m-01d16h11m:18,26,18,33
01d04h02m-01d08h02m:41,47,44,47
01d08h01m-01d14h01m:38,39,38,45
01d07h17m-01d11h17m:30,18,30,26
01d14h13m-01d18h13m:19,50,26,50
02d02h48m-02d06h48m:49,28,52,28
02d08h13m-02d10h13m:43,2,46,2
02d12h13m-02d18h13m:66,47,66,50
02d04h24m-02d10h24m:15,41,15,49
02d16h52m-02d22h52m:22,44,29,44
02d10h38m-02d16h38m:1,23,1,28
02d08h35m-02d12h35m:66,0,66,3
02d18h15m-02d22h15m:1,26,10,26
02d10h14m-02d12h14m:19,21,25,21
02d18h24m-03d00h24m:13,16,23,16
03d05h00m-03d10h00m:14,24,14,29
03d10h37m-03d12h37m:46,21,50,21
03d03h49m-03d07h49m:41,30,46,30
03d23h35m-04d05h35m:40,39,40,45
03d15h15m-03d19h15m:49,45,49,50
03d15h21m-03d20h21m:0,1,8,1
03d03h32m-03d05h32m:35,26,35,29
03d17h53m-03d19h53m:7,31,12,31
03d03h30m-03d09h30m:50,33,58,33
03d13h45m-03d19h45m:21,49,30,49
04d12h00m-04d14h00m:70,24,70,24
04d05h29m-04d09h29m:62,33,66,33
04d04h41m-04d10h41m:12,49,12,50
04d12h19m-04d14h19m:25,19,31,19
04d10h54m-04d12h54m:41,46,41,50
04d17h53m-04d23h53m:63,34,63,39
04d21h08m-05d00h08m:24,31,27,31
04d04h22m-04d10h22m:42,48,50,48
04d10h08m-04d14h08m:30,12,35,12
04d20h06m-04d23h06m:9,19,9,26
05d04h56m-05d08h56m:68,41,68,49
05d13h15m-05d15h15m:23,41,23,48
05d01h52m-05d04h52m:30,0,30,10
05d07h43m-05d10h43m:16,15,16,22
05d07h49m-05d10h49m:59,6,68,6
05d02h48m-05d08h48m:66,35,70,35
05d15h29m-05d19h29m:59,2,64,2
05d13h48m-05d19h48m:36,46,41,46
05d15h16m-05d18h16m:30,25,30,35
05d22h50m-06d03h50m:37,33,37,37
06d23h16m-07d02h16m:47,23,47,31
06d08h03m-06d13h03m:18,39,24,39
06d08h14m-06d13h14m:1,38,7,38
06d14h30m-06d20h30m:11,27,14,27
06d17h25m-06d21h25m:14,27,17,27
06d17h42m-06d19h42m:9,43,9,49
06d11h48m-06d17h48m:36,21,36,29
06d22h13m-07d00h13m:18,32,18,41
06d17h45m-06d23h45m:23,41,32,41
06d21h53m-07d01h53m:37,46,37,50
07d17h29m-07d20h29m:49,36,49,46
07d00h14m-07d04h14m:56,5,62,5
07d11h06m-07d14h06m:20,2,27,2
07d08h59m-07d14h59m:66,48,66,50
07d09h58m-07d11h58m:52,20,61,20
07d20h07m-07d22h07m:34,24,34,27
07d10h12m-07d12h12m:36,45,36,50
07d04h23m-07d06h23m:5,1,5,6
07d02h36m-07d07h36m:20,32,20,42
07d23h58m-08d02h58m:47,23,54,23
08d18h07m-08d20h07m:9,10,14,10
08d13h52m-08d15h52m:70,26,70,26
08d18h49m-09d00h49m:30,4,30,13
08d19h08m-09d00h08m:45,41,45,47
08d11h41m-08d17h41m:48,24,48,32
08d03h24m-08d08h24m:64,38,64,45
08d16h19m-08d18h19m:67,21,70,21
08d09h23m-08d11h23m:7,50,10,50
08d03h52m-08d05h52m:45,45,52,45
08d09h00m-08d13h00m:50,12,53,12
09d20h59m-09d22h59m:59,21,62,21
09d14h42m-09d19h42m:57,45,57,48
09d01h11m-09d07h11m:6,48,13,48
09d17h44m-09d19h44m:69,29,70,29
09d23h21m-10d02h21m:59,35,65,35
09d17h19m-09d23h19m:33,17,33,26
09d06h48m-09d12h48m:25,26,25,30
09d17h26m-09d22h26m:29,10,34,10
09d07h01m-09d10h01m:55,9,55,12
09d01h47m-09d07h47m:67,3,67,8
10d14h14m-10d18h14m:20,4,26,4
10d01h55m-10d04h55m:18,28,23,28
10d22h34m-11d00h34m:18,24,23,24
10d23h44m-11d01h44m:66,1,69,1
10d00h19m-10d06h19m:45,22,45,29
10d05h43m-10d08h43m:27,37,27,47
10d08h03m-10d11h03m:39,19,39,26
10d08h20m-10d10h20m:13,28,13,36
10d04h13m-10d06h13m:12,32,12,36
10d08h36m-10d11h36m:35,45,38,45
11d10h41m-11d15h41m:64,23,70,23
11d09h58m-11d11h58m:17,32,17,42
11d00h28m-11d02h28m:27,3,27,8
11d05h58m-11d11h58m:27,18,27,25
11d12h01m-11d18h01m:51,36,51,44
11d14h22m-11d20h22m:18,23,18,30
11d01h20m-11d07h20m:42,13,42,20
11d08h18m-11d13h18m:20,23,29,23
11d04h42m-11d06h42m:37,15,37,23
11d09h36m-11d11h36m:8,16,8,25
12d03h34m-12d05h34m:42,32,47,32
12d05h30m-12d11h30m:34,30,43,30
12d10h03m-12d14h03m:65,6,65,13
12d04h40m-12d09h40m:56,44,56,50
12d05h22m-12d09h22m:11,32,11,37
12d01h26m-12d04h26m:51,7,51,13
12d17h52m-12d23h52m:49,18,56,18
12d16h14m-12d18h14m:49,28,54,28
12d00h37m-12d04h37m:16,22,24,22
12d09h46m-12d13h46m:35,6,35,12
13d19h24m-13d21h24m:26,10,26,19
13d12h02m-13d18h02m:32,42,38,42
13d18h15m-13d22h15m:27,31,27,36
13d22h29m-14d01h29m:25,36,32,36
13d02h06m-13d08h06m:12,3,12,10
13d03h43m-13d05h43m:8,37,16,37
13d00h13m-13d05h13m:63,12,63,16
13d19h59m-13d21h59m:3,11,3,20
13d20h31m-14d01h31m:37,26,44,26
13d21h14m-13d23h14m:32,48,39,48
14d13h39m-14d18h39m:58,11,66,11
14d11h05m-14d13h05m:33,3,33,7
14d10h41m-14d14h41m:68,13,70,13
14d23h47m-15d05h47m:6,25,15,25
14d00h16m-14d02h16m:43,43,43,49
14d23h27m-15d04h27m:11,49,11,50
14d07h12m-14d13h12m:62,8,62,14
14d10h42m-14d13h42m:8,16,11,16
14d19h36m-14d23h36m:52,44,61,44
14d08h08m-14d11h08m:65,49,65,50
15d04h03m-15d08h03m:50,44,50,50
15d04h58m-15d07h58m:48,11,48,18
15d09h56m-15d13h56m:33,49,33,50
15d00h35m-15d02h35m:22,4,29,4
15d14h19m-15d17h19m:57,37,62,37
15d00h23m-15d03h23m:45,17,45,21
15d11h54m-15d15h54m:16,20,16,24
15d13h30m-15d19h30m:0,37,0,47
15d18h25m-15d21h25m:49,21,57,21
15d14h58m-15d20h58m:46,27,55,27
16d14h18m-16d20h18m:34,44,41,44
16d14h26m-16d17h26m:15,4,25,4
16d19h06m-17d01h06m:45,26,55,26
16d04h58m-16d10h58m:52,9,60,9
16d04h45m-16d08h45m:21,14,21,19
16d17h27m-16d23h27m:33,50,42,50
16d07h17m-16d09h17m:2,50,9,50
16d03h40m-16d09h40m:23,45,26,45
16d10h47m-16d15h47m:33,17,41,17
16d02h42m-16d07h42m:8,15,15,15
17d12h42m-17d14h42m:37,39,37,43
17d01h15m-17d04h15m:42,16,49,16
17d09h09m-17d13h09m:6,42,6,47
17d16h06m-17d19h06m:34,38,43,38
17d09h31m-17d13h31m:16,32,16,37
17d15h50m-17d17h50m:42,2,52,2
17d13h18m-17d19h18m:19,35,29,35
17d16h45m-17d19h45m:54,8,63,8
17d05h26m-17d07h26m:53,3,56,3
17d15h35m-17d21h35m:30,11,30,16
18d08h52m-18d12h52m:16,32,16,35
18d20h30m-19d00h30m:8,8,8,14
18d00h31m-18d02h31m:23,42,28,42
18d14h41m-18d20h41m:15,10,20,10
18d03h46m-18d06h46m:56,34,60,34
18d18h17m-18d20h17m:40,44,40,50
18d03h21m-18d08h21m:47,17,50,17
18d22h40m-19d01h40m:2,34,12,34
18d14h22m-18d19h22m:27,28,32,28
18d06h31m-18d08h31m:42,40,45,40
19d01h00m-19d05h00m:63,13,63,16
19d02h52m-19d07h52m:70,16,70,20
19d00h24m-19d04h24m:12,50,12,50
19d12h45m-19d15h45m:23,26,23,31
19d15h43m-19d18h43m:26,23,34,23
19d05h41m-19d11h41m:26,37,26,46
19d11h04m-19d15h04m:18,29,18,39
19d11h20m-19d14h20m:45,10,49,10
19d05h34m-19d09h34m:35,47,35,50
19d12h54m-19d15h54m:10,49,19,49
20d11h46m-20d16h46m:33,14,33,22
20d14h10m-20d16h10m:58,34,64,34
20d14h27m-20d17h27m:42,32,42,40
20d13h24m-20d15h24m:9,29,9,38
20d07h15m-20d13h15m:46,38,55,38
20d01h14m-20d07h14m:13,26,13,34
20d12h32m-20d15h32m:32,50,42,50
20d09h35m-20d11h35m:60,0,60,4
20d00h04m-20d05h04m:34,5,34,10
20d13h34m-20d19h34m:5,40,12,40
21d21h38m-21d23h38m:50,6,50,13
21d06h39m-21d09h39m:13,34,21,34
21d19h49m-21d22h49m:2,29,11,29
21d08h35m-21d14h35m:23,27,23,34
21d12h46m-21d14h46m:17,26,23,26
21d09h26m-21d14h26m:58,26,58,31
21d02h09m-21d08h09m:68,35,70,35
21d11h37m-21d16h37m:38,27,38,37
21d13h25m-21d18h25m:46,30,51,30
21d21h23m-22d01h23m:28,39,36,39
22d20h15m-22d23h15m:25,0,28,0
22d09h47m-22d15h47m:1,22,1,32
22d01h23m-22d03h23m:67,3,67,13
22d01h15m-22d07h15m:34,47,34,50
22d03h10m-22d08h10m:8,25,17,25
22d03h08m-22d06h08m:30,50,30,50
22d08h10m-22d12h10m:33,31,40,31
22d13h05m-22d19h05m:51,23,58,23
22d07h19m-22d10h19m:46,37,50,37
22d01h29m-22d07h29m:57,31,63,31
23d09h46m-23d13h46m:58,12,58,18
23d19h42m-23d21h42m:41,9,41,19
23d11h41m-23d13h41m:69,31,70,31
23d05h16m-23d11h16m:60,9,67,9
23d09h47m-23d11h47m:7,41,7,49
23d02h16m-23d05h16m:35,19,39,19
23d20h47m-24d00h47m:23,37,23,40
23d07h02m-23d12h02m:30,2,30,11
23d10h08m-23d13h08m:15,2,15,5
23d02h21m-23d07h21m:10,5,13,5
24d01h38m-24d07h38m:6,29,10,29
24d11h46m-24d13h46m:67,9,67,17
24d19h00m-24d22h00m:4,12,10,12
24d15h19m-24d19h19m:50,40,50,47
24d12h26m-24d18h26m:31,26,31,33
24d12h24m-24d18h24m:29,43,33,43
24d14h07m-24d19h07m:44,49,52,49
24d21h45m-25d00h45m:51,21,51,27
24d16h17m-24d22h17m:27,29,27,38
24d12h38m-24d15h38m:66,11,66,18
25d02h25m-25d05h25m:47,24,47,29
25d14h07m-25d20h07m:55,18,64,18
25d16h45m-25d22h45m:22,36,28,36
25d08h23m-25d12h23m:51,24,56,24
25d21h07m-26d02h07m:32,34,35,34
25d04h16m-25d07h16m:66,21,70,21
25d14h03m-25d18h03m:50,6,50,15
25d05h52m-25d10h52m:54,47,59,47
25d11h10m-25d13h10m:1,9,11,9
25d22h15m-26d01h15m:43,44,47,44
26d22h16m-27d01h16m:57,16,57,24
26d18h47m-26d20h47m:16,11,20,11
26d10h46m-26d16h46m:66,22,70,22
26d19h44m-27d01h44m:13,22,21,22
26d10h12m-26d13h12m:52,50,62,50
26d18h27m-26d22h27m:67,0,70,0
26d08h41m-26d14h41m:22,6,27,6
26d18h26m-26d23h26m:47,35,47,38
26d19h33m-27d00h33m:10,17,10,25
26d08h39m-26d10h39m:29,30,37,30
27d05h20m-27d10h20m:0,11,0,15
27d18h34m-27d20h34m:0,24,0,33
27d06h33m-27d11h33m:55,28,55,36
27d18h20m-27d20h20m:33,46,33,50
27d07h27m-27d09h27m:70,16,70,19
27d06h10m-27d08h10m:35,21,35,27
27d01h59m-27d05h59m:21,45,27,45
27d06h48m-27d12h48m:64,24,64,30
27d18h27m-27d22h27m:61,49,70,49
27d10h03m-27d12h03m:5,10,5,17
28d01h23m-28d04h23m:41,2,51,2
28d07h37m-28d10h37m:50,5,50,8
28d14h59m-28d19h59m:68,34,70,34
28d13h20m-28d15h20m:38,23,38,32
28d16h09m-28d21h09m:47,18,47,24
28d04h25m-28d10h25m:23,1,23,4
28d15h45m-28d18h45m:3,12,9,12
28d21h12m-29d00h12m:38,29,42,29
28d11h43m-28d13h43m:65,8,65,11
28d15h39m-28d21h39m:68,39,68,43
29d18h01m-29d20h01m:16,35,20,35
29d09h39m-29d13h39m:13,19,19,19
29d17h26m-29d20h26m:69,6,69,13
29d17h47m-29d20h47m:66,11,66,17
29d15h43m-29d21h43m:51,45,51,50
29d06h03m-29d10h03m:21,9,21,13
29d18h49m-29d22h49m:48,22,58,22
29d13h36m-29d18h36m:3,17,3,21
29d12h52m-29d16h52m:44,34,51,34
29d13h55m-29d16h55m:20,18,20,27
30d06h35m-30d12h35m:30,42,30,50
30d23h40m-31d01h40m:55,29,59,29
30d18h40m-31d00h40m:29,15,35,15
30d23h06m-31d05h06m:59,10,59,19
30d08h43m-30d12h43m:14,8,14,16
30d19h37m-31d00h37m:46,45,56,45
30d23h35m-31d03h35m:65,36,68,36
30d18h48m-30d21h48m:65,47,70,47
30d17h53m-30d21h53m:23,50,27,50
30d21h48m-31d02h48m:58,22,65,22
