01d05h18m-01d07h18m:38,29,38,39
01d07h39m-01d13h39m:2,37,12,37
01d16h48m-01d21h48m:31,47,31,50
01d12h13m-01d16h13m:40,24,50,24
01d10h01m-01d16h01m:53,26,62,26
01d18h25m-01d22h25m:13,22,18,22
01d00h51m-01d03h51m:28,11,28,14
01d03h41m-01d06h41m:16,46,26,46
01d11h26m-01d15h26m:2,50,6,50
01d18h15m-01d20h15m:61,1,61,6
02d02h18m-02d07h18m:53,23,53,27
02d05h09m-02d07h09m:65,2,65,10
02d10h03m-02d15h03m:52,24,55,24
02d01h25m-02d04h25m:44,17,48,17
02d02h41m-02d08h41m:17,22,23,22
02d03h30m-02d06h30m:64,33,70,33
02d09h46m-02d12h46m:28,17,28,26
02d15h56m-02d19h56m:54,15,57,15
02d11h57m-02d15h57m:15,26,19,26
02d19h06m-02d23h06m:30,45,30,50
03d03h57m-03d08h57m:39,10,44,10
03d17h59m-03d21h59m:33,49,33,50
03d05h04m-03d08h04m:32,14,32,20
03d17h50m-03d21h50m:59,23,63,23
03d13h54m-03d19h54m:37,26,41,26
03d22h20m-04d03h20m:45,22,45,30
03d00h50m-03d03h50m:5,50,13,50
03d10h48m-03d13h48m:69,45,70,45
03d19h27m-04d00h27m:19,38,29,38
03d10h02m-03d15h02m:57,36,57,43
04d20h55m-04d23h55m:21,20,21,29
04d09h01m-04d12h01m:63,30,68,30
04d11h17m-04d17h17m:6,25,6,28
04d11h38m-04d17h38m:11,12,14,12
04d16h15m-04d21h15m:52,20,61,20
04d17h00m-04d19h00m:20,39,20,47
04d01h36m-04d04h36m:16,12,16,19
04d03h45m-04d06h45m:48,0,56,0
04d15h43m-04d19h43m:21,30,31,30
04d02h51m-04d07h51m:60,36,60,46
05d21h24m-06d02h24m:35,16,39,16
05d12h27m-05d18h27m:4,1,4,9
05d03h07m-05d07h07m:4,41,7,41
05d07h11m-05d12h11m:22,50,22,50
05d01h37m-05d03h37m:47,17,53,17
05d02h24m-05d05h24m:20,10,26,10
05d22h39m-06d01h39m:36,41,36,44
05d10h43m-05d13h43m:65,11,70,11
05d07h42m-05d12h42m:32,10,32,17
05d03h46m-05d07h46m:64,30,70,30
06d14h08m-06d19h08m:41,21,46,21
06d08h30m-06d13h30m:37,2,46,2
06d05h35m-06d11h35m:15,40,15,44
06d03h23m-06d08h23m:66,12,70,12
06d11h26m-06d14h26m:30,33,39,33
06d02h24m-06d08h24m:59,0,66,0
06d04h33m-06d08h33m:69,23,70,23
06d14h42m-06d20h42m:48,21,51,21
06d04h51m-06d06h51m:44,9,51,9
06d12h20m-06d16h20m:43,1,53,1
07d03h23m-07d08h23m:24,37,24,44
07d23h17m-08d05h17m:29,49,39,49
07d16h51m-07d20h51m:46,38,46,48
07d19h42m-07d23h42m:31,16,31,25
07d15h26m-07d18h26m:24,9,24,19
07d13h02m-07d19h02m:63,47,63,50
07d19h25m-08d00h25m:39,41,39,48
07d19h08m-08d01h08m:69,0,69,7
07d08h53m-07d14h53m:29,39,29,46
07d07h13m-07d10h13m:45,16,45,20
08d04h55m-08d08h55m:27,11,37,11
08d20h40m-09d02h40m:19,45,19,50
08d15h01m-08d18h01m:1,1,1,9
08d00h11m-08d04h11m:5,25,5,32
08d22h28m-09d01h28m:65,2,70,2
08d22h59m-09d03h59m:27,12,34,12
08d16h44m-08d22h44m:64,20,68,20
08d09h08m-08d14h08m:27,15,31,15
08d14h08m-08d19h08m:31,10,35,10
08d22h34m-09d04h34m:68,29,70,29
09d23h48m-10d02h48m:9,29,12,29
09d01h00m-09d03h00m:38,31,46,31
09d09h05m-09d15h05m:24,39,24,47
09d00h20m-09d05h20m:63,50,63,50
09d12h31m-09d18h31m:25,47,25,50
09d11h28m-09d15h28m:60,22,60,28
09d05h43m-09d11h43m:53,1,53,5
09d05h52m-09d07h52m:58,30,65,30
09d09h31m-09d12h31m:22,8,22,17
09d11h32m-09d14h32m:40,40,44,40
10d11h40m-10d13h40m:14,18,14,27
10d18h18m-10d20h18m:40,48,49,48
10d11h10m-10d13h10m:11,2,11,5
10d12h09m-10d18h09m:30,29,37,29
10d20h19m-11d01h19m:29,11,33,11
10d09h41m-10d13h41m:70,22,70,27
10d23h05m-11d04h05m:2,3,5,3
10d11h19m-10d14h19m:15,50,15,50
10d06h02m-10d11h02m:66,23,69,23
10d02h08m-10d05h08m:66,1,70,1
11d14h48m-11d16h48m:42,8,42,17
11d02h10m-11d08h10m:9,45,14,45
11d11h38m-11d17h38m:62,9,67,9
11d07h00m-11d10h00m:59,6,59,15
11d19h27m-11d23h27m:66,41,66,49
11d16h40m-11d20h40m:59,48,66,48
11d07h33m-11d12h33m:35,5,40,5
11d23h46m-12d05h46m:35,6,41,6
11d20h45m-11d22h45m:33,25,33,29
11d16h48m-11d21h48m:10,18,10,25
12d22h30m-13d00h30m:64,4,68,4
12d12h25m-12d15h25m:17,3,27,3
12d15h55m-12d18h55m:64,22,64,25
12d05h31m-12d08h31m:19,47,28,47
12d07h31m-12d09h31m:65,5,70,5
12d18h05m-12d21h05m:28,50,36,50
12d13h32m-12d16h32m:36,27,36,33
12d20h21m-12d22h21m:42,23,48,23
12d04h28m-12d09h28m:0,38,9,38
12d06h55m-12d12h55m:38,43,38,50
13d00h29m-13d05h29m:32,11,32,14
13d17h07m-13d20h07m:20,19,24,19
13d06h20m-13d11h20m:45,23,52,23
13d14h18m-13d19h18m:59,1,59,6
13d18h13m-13d22h13m:18,8,21,8
13d07h33m-13d13h33m:70,50,70,50
13d23h50m-14d03h50m:7,7,7,17
13d04h02m-13d06h02m:4,23,11,23
13d10h45m-13d13h45m:59,36,59,43
13d04h20m-13d09h20m:56,25,56,30
14d20h55m-15d01h55m:58,49,58,50
14d12h54m-14d17h54m:10,20,10,28
14d08h08m-14d14h08m:5,24,5,30
14d05h40m-14d08h40m:59,14,59,18
14d23h05m-15d01h05m:45,1,45,9
14d01h18m-14d03h18m:10,17,13,17
14d16h34m-14d22h34m:28,31,28,40
14d03h14m-14d09h14m:6,43,14,43
14d05h17m-14d10h17m:70,27,70,27
14d09h00m-14d15h00m:3,16,8,16
15d15h47m-15d18h47m:4,34,4,38
15d23h49m-16d01h49m:9,12,16,12
15d22h07m-16d00h07m:4,35,13,35
15d10h37m-15d16h37m:31,22,34,22
15d22h28m-16d00h28m:17,42,20,42
15d23h43m-16d05h43m:50,1,50,7
15d17h24m-15d19h24m:55,23,65,23
15d14h48m-15d16h48m:31,2,31,10
15d16h39m-15d22h39m:62,18,62,25
15d04h59m-15d07h59m:63,30,70,30
16d22h05m-17d02h05m:30,29,40,29
16d22h04m-17d00h04m:10,13,13,13
16d07h54m-16d12h54m:51,39,55,39
16d06h55m-16d09h55m:12,16,12,25
16d17h08m-16d23h08m:3,13,3,20
16d19h33m-17d01h33m:59,47,66,47
16d22h59m-17d04h59m:39,49,43,49
16d07h55m-16d09h55m:63,20,63,24
16d02h52m-16d05h52m:7,14,7,23
16d00h06m-16d02h06m:56,41,62,41
17d00h51m-17d04h51m:48,41,56,41
17d04h55m-17d10h55m:12,4,17,4
17d16h36m-17d22h36m:60,9,60,15
17d02h23m-17d07h23m:69,11,70,11
17d10h14m-17d13h14m:64,6,64,15
17d00h38m-17d02h38m:36,39,40,39
17d17h24m-17d19h24m:8,45,15,45
17d02h31m-17d04h31m:7,45,7,49
17d09h04m-17d11h04m:63,37,63,42
17d19h04m-18d01h04m:52,12,61,12
18d09h49m-18d15h49m:68,0,68,4
18d01h05m-18d05h05m:69,33,70,33
18d15h12m-18d18h12m:69,38,69,45
18d11h30m-18d15h30m:33,0,36,0
18d00h11m-18d05h11m:10,22,10,28
18d14h33m-18d19h33m:44,13,44,22
18d10h23m-18d15h23m:69,27,69,32
18d10h15m-18d16h15m:0,49,6,49
18d06h45m-18d11h45m:64,26,67,26
18d02h14m-18d08h14m:9,5,13,5
19d17h04m-19d23h04m:37,14,41,14
19d16h02m-19d19h02m:70,48,70,50
19d17h30m-19d22h30m:44,15,44,19
19d08h41m-19d14h41m:22,10,26,10
19d21h04m-19d23h04m:3,34,3,44
19d17h12m-19d20h12m:33,1,39,1
19d08h20m-19d11h20m:19,10,23,10
19d16h27m-19d21h27m:29,37,29,41
19d14h46m-19d16h46m:32,33,36,33
19d03h55m-19d05h55m:69,17,70,17
20d12h20m-20d18h20m:61,36,61,42
20d04h22m-20d09h22m:38,12,45,12
20d19h02m-20d21h02m:3,14,11,14
20d23h49m-21d02h49m:37,38,37,41
20d04h50m-20d07h50m:63,48,63,50
20d09h15m-20d12h15m:10,21,10,31
20d04h00m-20d08h00m:40,46,40,50
20d00h35m-20d04h35m:56,12,63,12
20d00h37m-20d03h37m:68,39,68,42
20d19h34m-20d23h34m:26,8,26,18
21d09h37m-21d11h37m:34,23,37,23
21d20h14m-22d02h14m:17,0,17,4
21d02h48m-21d04h48m:46,23,46,29
21d01h07m-21d03h07m:3,30,3,37
21d16h06m-21d22h06m:57,0,62,0
21d14h09m-21d17h09m:48,23,48,31
21d16h06m-21d19h06m:30,40,30,50
21d17h33m-21d23h33m:27,6,30,6
21d21h42m-22d02h42m:11,50,11,50
21d23h56m-22d01h56m:54,17,60,17
22d17h05m-22d23h05m:52,50,52,50
22d16h08m-22d22h08m:69,2,69,8
22d08h49m-22d14h49m:13,45,13,50
22d05h44m-22d07h44m:11,13,11,20
22d23h37m-23d05h37m:52,22,52,27
22d10h11m-22d13h11m:45,13,55,13
22d19h48m-23d00h48m:64,41,64,49
22d11h36m-22d13h36m:17,9,17,17
22d21h09m-23d01h09m:53,31,60,31
22d17h10m-22d23h10m:26,35,29,35
23d11h46m-23d17h46m:36,48,36,50
23d22h03m-24d01h03m:11,26,18,26
23d23h34m-24d01h34m:66,36,70,36
23d03h15m-23d08h15m:61,41,65,41
23d19h55m-24d01h55m:43,41,46,41
23d01h27m-23d03h27m:8,17,13,17
23d09h14m-23d12h14m:54,32,59,32
23d04h23m-23d07h23m:19,11,23,11
23d17h44m-23d21h44m:47,35,47,41
23d15h26m-23d17h26m:6,22,15,22
24d20h05m-25d02h05m:46,3,46,9
24d18h01m-24d22h01m:41,31,47,31
24d20h59m-24d22h59m:15,12,25,12
24d14h19m-24d20h19m:29,8,29,13
24d03h52m-24d09h52m:1,22,4,22
24d04h08m-24d07h08m:50,28,50,32
24d04h01m-24d10h01m:55,30,61,30
24d04h20m-24d10h20m:70,37,70,37
24d19h25m-24d21h25m:46,12,52,12
24d21h19m-25d00h19m:59,2,59,5
25d21h54m-26d01h54m:22,41,22,44
25d00h40m-25d03h40m:36,8,36,15
25d17h59m-25d20h59m:52,5,52,15
25d04h52m-25d07h52m:48,39,57,39
25d13h02m-25d18h02m:6,22,10,22
25d05h05m-25d10h05m:6,47,6,50
25d13h25m-25d16h25m:19,15,22,15
25d09h55m-25d15h55m:12,46,12,50
25d17h21m-25d20h21m:2,16,8,16
25d17h06m-25d19h06m:16,14,16,21
26d17h33m-26d19h33m:37,22,46,22
26d06h38m-26d12h38m:1,29,1,36
26d21h26m-27d02h26m:66,47,66,50
26d03h55m-26d06h55m:32,31,36,31
26d08h06m-26d14h06m:11,28,18,28
26d14h32m-26d20h32m:24,36,24,42
26d02h01m-26d04h01m:61,48,69,48
26d07h21m-26d12h21m:63,46,66,46
26d13h05m-26d19h05m:65,44,65,48
26d22h25m-27d00h25m:5,16,13,16
27d08h25m-27d11h25m:5,2,12,2
27d23h05m-28d05h05m:24,34,29,34
27d21h05m-28d00h05m:53,15,63,15
27d19h18m-27d23h18m:17,23,17,32
27d00h10m-27d06h10m:2,4,12,4
27d21h34m-28d00h34m:59,15,59,20
27d07h34m-27d10h34m:11,3,19,3
27d09h35m-27d12h35m:9,3,14,3
27d00h54m-27d02h54m:2,0,6,0
27d01h55m-27d03h55m:4,11,11,11
28d18h00m-29d00h00m:67,37,70,37
28d15h40m-28d21h40m:19,35,27,35
28d18h29m-28d22h29m:70,31,70,36
28d10h08m-28d14h08m:10,0,10,10
28d13h47m-28d16h47m:4,42,4,50
28d01h46m-28d05h46m:55,24,55,30
28d09h40m-28d15h40m:57,6,57,11
28d13h41m-28d15h41m:50,47,58,47
28d09h48m-28d15h48m:63,1,63,11
28d19h25m-29d00h25m:36,20,36,26
29d02h56m-29d08h56m:62,42,62,46
29d03h56m-29d08h56m:46,35,53,35
29d22h41m-30d00h41m:62,28,62,33
29d02h46m-29d07h46m:60,24,60,29
29d22h35m-30d00h35m:51,26,61,26
29d04h41m-29d10h41m:42,20,42,26
29d04h43m-29d09h43m:19,37,19,45
29d08h29m-29d14h29m:35,15,39,15
29d20h36m-29d23h36m:24,6,27,6
29d18h20m-30d00h20m:47,10,52,10
30d01h09m-30d03h09m:49,44,49,50
30d14h14m-30d19h14m:63,4,63,12
30d02h26m-30d07h26m:69,47,69,50
30d08h12m-30d13h12m:22,34,22,42
30d01h57m-30d03h57m:0,47,0,50
30d10h23m-30d13h23m:34,4,42,4
30d12h40m-30d18h40m:30,40,36,40
30d15h24m-30d18h24m:19,11,28,11
30d21h13m-31d00h13m:4,17,4,26
30d03h43m-30d06h43m:55,24,55,27
